28954558
22801624
2715434
13610305
7699474
12424978
22256608
23946428
15992708
22282056
2368671
7977298
6647037
22214076
13227716
29404415
26550897
21577495
17992872
7053426
25549733
14243547
19288786
14027002
19312127
18472533
9203627
14977577
10155013
24857650
4123677
10058624
2343299
13920918
26019822
6736518
26449563
27928494
22582090
13614348
17496505
23362861
10071750
26820465
5275907
3677945
17818071
3859768
8163994
10961213
14342482
5429948
5101845
25090383
5386413
7168623
15994557
6447896
18038808
14858533
9884134
28187265
13907678
28595302
7440870
17792079
17202208
19577633
20406867
7069765
16596823
1741672
5783262
16422241
21979623
14330018
1997732
21688576
821790
15203141
656542
11379415
27076869
20690005
5641019
6691308
3517378
8970919
17152176
4138016
10681696
24668816
11517082
9605471
1364262
13213081
22580731
10806524
20512348
6554082
29307482
7710800
13197295
27310207
12547040
599888
29986212
26665209
29516042
24232559
25020650
26415214
11357169
27616787
26527271
362805
22089559
14210551
6236757
28443230
9208680
12666345
12633213
8313597
24725760
20091111
146150
25538051
26535410
23749702
23852656
17536626
11374683
15933787
8543000
9358364
10824900
15644925
1876112
13260104
17906273
1716367
4572065
11094187
22415689
13679087
493380
18147312
2457762
21087300
22297561
21865728
19703682
1870187
14411626
9998802
23641251
18499923
29184441
27224342
11059332
19931305
29508003
21425320
23424296
11478494
18844005
18002549
16982041
16323116
29502444
12563724
20567927
5513053
28669860
7885203
8599112
1121311
8026642
22757493
4179117
11832521
19482254
6047653
18701605
25172563
24383233
27891004
17460854
18318239
24518877
25132398
29379588
7093136
27382426
8304057
7938589
2930423
4680357
28308732
21303561
5012247
2796727
21060777
12352907
25303175
28880177
242943
6319706
949321
10264676
4726538
23176647
27836266
7181580
27202853
2508680
1113381
13398492
8620038
2254137
8462397
19635645
13600630
6664615
7288610
10553390
15574940
7614006
15232702
15973172
1456769
2287138
28611874
27364655
29286772
28522243
12204041
18578896
22824003
25339813
23497247
5811757
17020076
24239544
4673225
19612241
8295798
15458727
23618967
11402395
24883756
25302394
26083921
17893017
8310790
9619127
23837282
12947067
26950204
23880147
28230443
13050537
863919
3397768
24666859
5292476
20714435
8723215
20791737
8708284
13572465
26962407
5124622
18356475
8461015
11431227
25814198
15494523
21081313
21540050
24149462
22914369
4603006
29895673
13410415
13884350
29308554
1817701
12001876
19543299
16344181
29014787
4190772
2033243
9153464
5117294
19042350
9328186
12040316
671213
12474005
7069090
27969006
13302460
5631414
20833250
6961934
24692896
12782081
15701539
28120108
18599720
2893391
4623383
8265557
10540072
8677834
23056796
10021262
5759315
16142518
27202527
25387873
25392406
21670682
6961296
2795005
15746864
9423318
3642258
25583537
9298901
18698095
14475669
15677884
13994024
20298517
3276852
8228593
13096389
22328988
22027657
17217910
9906563
27618238
7206491
15961328
5029740
22241811
20935173
21825432
22493367
1258162
22885746
29157044
11570034
12153269
13488825
18561446
21202683
11817449
5161091
24933837
13199175
22000350
27684789
4040058
5544054
19340223
27768513
27180026
24176176
15989836
29100807
6119015
8260361
15661312
15743413
23630932
17702524
7979705
874642
10099621
7816132
24791594
22573509
2451444
28978314
28102611
19457432
6290431
14895712
6027826
26626429
8671355
16727411
20394778
269394
10534864
1400211
14846436
14942139
3471377
9713091
6594875
26309394
957256
6400069
15314557
21019149
13098748
14192091
2908402
1116509
6455499
18958983
10301024
8876961
17038524
21262852
23773445
5500991
13186361
32453
14930954
5726774
15775507
17766188
5629065
26220590
12470390
13016291
29425669
6758807
21025131
7630053
29636992
24333598
27360401
28527650
1555434
8872907
13178523
117915
20666920
17575898
24708545
8330954
25113491
19033332
26517633
16106532
12494916
11678225
8927474
4186373
19935606
4889843
17545484
22440323
10715237
29369351
8550293
11512159
2260299
7490175
23042157
11343019
27747286
3808585
21092633
20543789
78462
15794590
29897070
10453581
13128323
1177927
25680384
9423465
1062229
26309228
20467743
24505032
18621216
4602627
20066283
1211874
18965026
24330346
21433746
16203552
7030006
26954943
28291154
14673011
3783879
23443344
19626052
22156115
14603185
14739989
12519581
20180249
2903073
24596531
26303353
7019810
3181241
20938425
8146678
29906900
20539394
15890404
24060549
20210611
6152244
15213942
18220879
28289016
7866706
20294497
27257190
13957784
25926716
1318853
16135498
19824870
23712136
11778208
2041176
6440307
22828441
23878142
21737322
16102947
336356
24633281
27115591
23446379
15623815
15152738
6526654
25347058
16098071
28391702
13903770
17273862
19437365
2423097
28619080
9217024
20363885
7506347
10531040
23769738
25489624
23971186
20163564
20585188
672051
17043237
178136
21614360
8403041
23929236
27689827
29195540
4521822
11573967
7595772
14846567
19868715
4705899
19902921
10348420
28935617
25258196
2953345
19555930
4568907
11915447
19646971
2409957
7369289
13783955
29996755
1055183
16654794
29741506
27165457
12073324
23698487
11242097
20473243
9401479
20817659
22986859
13954518
4222765
6686034
26056313
7172775
28971358
4624989
12754092
7963465
12941193
3671982
12899945
24781825
29962481
23784478
3465838
16452523
22985910
20388676
26309323
28886009
15962787
14085607
22389471
8196143
29623221
17943104
5505120
424997
29830189
26828105
4177985
22292230
16238473
26426895
17721965
27890342
13161785
7114210
15425602
22904514
22821387
21787671
1727744
18068992
29301531
3885341
4053994
139121
9065201
4469206
25004393
26663677
26937583
20609308
29552704
18691756
26844589
18600359
24077380
8558076
25328477
13983430
10739407
23084234
22369245
11979075
17518228
8228361
17072840
5046800
7954229
91987
2689099
20804001
17086149
22206606
15387609
18667295
4982469
29250020
18890882
16150836
11778136
26306717
7727746
2354346
25805381
26800717
7295291
29922043
1528637
23506419
20337755
11975595
1108978
22339407
4419171
11329870
21895346
29507038
22066958
23146942
24848250
21328983
22006231
6705426
543830
18998014
14000203
4675940
14809687
7821924
15367407
22245032
28583956
304858
3561538
17972333
15582460
24781909
1591191
29060325
22314497
20221646
22825160
663882
6182300
13812979
9150089
5713717
4761072
13959694
27033851
19664461
27318707
17981298
2836477
17249474
22235856
7227707
29132963
5208990
26209063
12611752
7481352
16346143
26886768
17869039
2932049
15526336
1906909
22318509
4919006
1787764
9788344
27403832
29880412
24791832
18468152
9173639
6939304
13085265
17872457
15228319
23486777
28951090
6633635
22077385
3559006
16327333
13663094
24636832
23454644
246990
21029039
25802192
23971624
28101215
13373006
21251734
6932988
12702963
13225324
23224774
13729091
22705116
24743378
7997343
25126761
4056536
25717516
27870541
114317
12751238
9627967
21331068
7115736
22181431
26349573
7631950
21729913
3519055
1194891
13582040
4722180
29169929
21636429
19784016
27354167
10011069
5554678
6028772
17254480
10327994
20660042
28257883
901375
6211771
28580964
18277696
18538178
1094714
16508981
22969726
969427
8399642
28654081
22298543
20377590
2988811
22498051
11795171
7295381
16210548
22483638
24648990
27662162
21280018
3288639
7313420
29732159
22441433
2601983
11330148
7408236
12036243
10527555
1479612
17264147
17976865
14239205
14476914
9849782
5257166
29236392
12151784
14475741
3820107
12691051
16395268
8982592
11409078
22483458
11378054
11475717
21513292
6565236
20756302
12743180
12746541
6775899
22686413
7172108
18828332
10613667
19916698
8267390
14829009
14955376
19392182
5640457
4501494
28306464
5960530
26760535
3372431
5440605
15364390
5901336
11417847
28771254
21033341
15354921
29272082
2379015
14689685
12025607
17374963
25999854
16068710
28758724
3190555
11392868
5397826
6456131
3298816
10727009
10735763
26133937
25932631
249774
8067164
22986292
24763550
6394567
9991813
19968235
21502576
14426150
9396892
3512837
21779144
27089963
11729516
15936775
7222296
23934548
17363158
29138164
23763168
27323549
23760498
10755865
21232583
14411267
1630678
11042659
9744757
24085098
16091320
17509847
21894294
4611339
16472462
2869115
6348683
10886043
21393173
21780891
4397145
10741116
19904197
2052382
12162326
28265996
13989972
19119697
23787066
5494585
11924587
28469295
5545358
1503817
8170271
8074465
28322826
14258501
13130850
4417205
26213605
2380272
18357173
12428475
25827112
1888008
12274760
23512116
678543
11152433
24545459
20432400
1103476
20607505
12896267
25928731
6161419
29083677
8634655
27016121
15329438
3673798
5820061
15362602
2792534
16919170
17129430
9408601
26608406
25381604
14079349
