744864
584450
1902
228000
158511
765908
288889
414283
54245
475621
228488
328541
789803
155679
711018
543918
849708
767903
390871
282217
6278
391713
516813
1790
565911
935572
216282
391610
328045
527046
479619
762123
828552
285263
594136
318901
533363
863705
974467
848812
495255
502759
118430
800620
518047
896270
77070
109967
431570
509936
550734
361608
285121
943047
299726
803767
963999
768320
652698
66684
322523
328694
870884
214990
377131
571192
33885
171824
699254
222049
265739
36760
718000
465853
578342
270289
138678
135337
434483
943958
670263
328000
494498
382573
658571
444436
636411
482287
372462
810001
837598
697448
792142
276351
201228
618073
48628
593325
672267
758421
667924
193718
842651
499280
54714
903197
314355
893650
557275
771413
452067
914212
981982
102051
230534
45828
443882
498173
959777
60363
438089
784123
504552
561747
409532
509197
938342
261950
540206
818138
572957
832697
913409
161846
859885
234648
65870
127103
207365
442752
935873
628352
865445
548671
8732
165988
393622
666391
269770
746779
848988
997036
12887
394464
15538
464585
923395
85421
861018
910033
358123
179317
278207
262663
128480
362798
7966
230695
523850
64872
462627
967548
996631
959762
652383
757337
697281
511605
241455
691269
498591
969934
485498
129722
224134
482412
798844
125641
931605
705088
921324
308272
214905
558634
300215
3658
541990
84764
83464
684872
442688
271969
156757
207649
769598
173587
665014
243225
607165
160843
719169
710314
999674
832153
792564
218294
72561
230625
649757
734024
259581
988893
979671
726844
357835
544988
358298
352267
944756
997522
309309
199682
801870
856212
236210
830701
872703
871068
748974
462854
272809
391963
392431
859813
730943
102540
337011
158865
946373
461424
625802
441915
476329
725386
85008
255529
188153
868467
413086
22960
266750
173349
960036
414933
4397
893890
422661
279529
446213
945693
975800
154367
290289
517749
18784
41711
481608
694067
334678
762603
591114
649721
373273
298902
405549
286047
974426
543640
740732
738794
77766
895728
272528
749790
37856
323925
387305
626543
964164
30803
215294
985314
676096
5154
936358
274907
65686
685507
43048
780300
205710
977683
762792
288679
257560
289766
167551
957587
604454
58290
729943
270044
541307
947964
924936
619833
657917
712372
962522
105961
704453
699274
498812
486717
211755
473499
646140
244975
62415
761040
719388
177987
611254
716232
41549
226137
784801
547826
103702
600636
442933
5612
133955
581928
845621
59765
20844
707545
77556
474075
926187
338060
338486
748119
203140
84215
304348
673337
493768
929262
106461
529894
195190
764589
877903
702817
434868
222415
831066
858262
851899
794320
366434
752070
736067
340585
53769
301337
620527
239500
384414
235767
201365
398742
649450
352381
210450
80573
749434
110156
865582
518589
571945
582324
770208
264912
427883
367784
284989
485428
633068
97293
557962
391310
310067
446824
33632
593303
100282
455956
695313
771714
558507
639136
909263
346924
26677
990736
280240
162269
873139
100453
955690
33590
794276
451411
690031
796085
976219
282864
230073
459154
532261
922512
6989
580688
181389
228695
469452
152689
726198
726919
764500
691667
831399
683574
431012
837225
841706
280739
432774
895953
92977
852170
888362
685743
885015
447894
875975
620803
869782
870504
262286
900672
384042
589917
978703
947918
700889
812965
405037
306915
870665
248873
850067
588262
120690
481235
168133
199756
580573
548348
889475
473851
303339
699170
217516
5719
644192
377901
512844
713758
66321
53515
635223
247531
40741
831993
752596
123398
256414
441120
755700
740601
884991
330764
299170
560987
591649
449867
983583
824070
609401
147199
606066
110625
976657
639757
519001
681910
276789
390120
242413
466617
783622
103245
293903
710116
245421
311925
198996
386616
420676
241879
205812
818924
10400
91253
157703
588429
4742
174038
71191
515018
989692
121532
257359
168158
808662
679942
801740
740017
508002
779008
295674
89744
663192
483801
965251
410174
987129
219780
170112
543484
970105
534331
372488
211582
414358
408225
434813
542691
663934
856366
77937
611406
217055
59898
749800
556243
527270
421097
374468
330917
401311
505088
996992
188137
830549
61952
907482
772470
329901
4896
503315
698963
850428
212799
805891
968370
442307
475937
315930
627833
374746
820789
91130
346393
661047
180863
210127
173246
574000
361016
679090
638371
842645
879269
848044
641337
287033
748334
818008
461092
671545
853913
269770
223543
545989
747040
331217
204324
778937
558504
685164
698086
89145
286415
546390
849304
415907
185251
266214
829318
848806
481605
200655
218596
539475
740610
171659
674816
227924
835371
663303
325952
164745
178389
154196
254864
554869
100304
592409
380148
446072
585746
23060
297481
969115
775973
801510
296786
183868
295270
917682
966142
16344
679592
539620
438711
82548
169652
495992
850339
941627
398099
440160
194616
544892
769025
573470
918438
85283
969998
63656
711287
930577
239652
169978
914826
852544
366020
652674
374628
668140
617707
320981
735432
627762
541069
10582
342424
315315
762681
130427
497317
231854
608755
303047
266575
816247
837343
835570
895223
766295
717159
141614
721721
825233
516755
493243
793487
646208
143947
589054
563335
576743
162954
460286
70524
317094
441283
375657
163681
248414
184367
120164
902692
76874
553761
956245
328589
724997
504218
430384
580118
147132
275298
523955
548004
624772
762626
178299
660024
561285
103815
579047
946231
636905
141791
133598
60034
204017
553158
690138
301359
38497
23272
377512
292476
245135
390718
224318
890802
245322
933036
291333
187074
531456
219055
329559
514134
901534
266389
231584
534770
174135
312523
658615
102007
509048
936858
261416
208652
660042
160766
723835
437750
504350
83031
380132
690675
615434
417496
343368
774556
957
360794
753844
188121
674946
281031
482073
163612
961618
71425
166918
944642
77504
341938
716058
549802
352996
450034
546328
413134
472950
957592
837960
876825
883242
609894
714630
825964
444463
443547
709599
236447
441545
224609
691491
827253
724738
379128
92747
366503
299770
281870
958671
986728
262176
433920
697969
555654
913135
334609
541810
883901
465236
274850
717397
870479
926488
19296
956064
861880
423421
137730
690613
908360
753730
402861
770592
15660
951715
729614
495754
968986
277754
737504
179595
718105
167072
127996
472452
78349
451903
914415
98494
636616
934834
183540
630019
869541
157732
277683
721332
738560
288191
985951
780388
209885
735240
945660
37034
83379
266423
166027
257883
868400
281977
854366
293536
156020
781066
45630
895739
774383
75886
465032
445994
804873
624165
198688
569667
939926
130874
967380
736773
616648
918221
550502
97589
874194
126243
752789
727029
106373
91922
867266
232952
428197
886192
716272
581778
526042
236921
667687
930598
919384
565703
47637
115279
519409
78628
411382
424249
522488
929270
632995
207217
292402
232004
383858
852089
365219
813075
257716
975152
835549
250661
519064
809225
27449
818220
541257
739793
150836
89084
52068
507282
298224
831224
752738
194804
869133
821517
580701
1968
58247
423179
333621
870448
866859
208106
743262
405599
922734
957752
760273
522558
258935
480904
199740
527736
747663
521236
781287
215795
341791
188797
578372
888319
718185
194923
393148
675917
823534
53929
122850
30280
569924
324404
469218
570267
319696
67681
723621
393428
578977
514336
297783
609926
205990
852477
339886
171808
289716
686880
527857
921414
340126
463868
785354
302134
107426
103197
640215
74830
832964
500643
797408
19212
752855
224760
842491
952384
202979
154900
33537
764514
91956
50185
441801
73
726341
7480
94902
587795
201847
552866
914803
290517
208631
212244
750068
393338
845467
778356
116802
108635
783018
415394
883592
592911
927387
882336
512433
11870
275323
155927
514539
491624
361370
566979
959806
780507
652260
749613
474154
440627
526733
979744
274741
664434
859907
688264
964118
470120
546900
121398
533569
621976
91799
939377
54017
387935
267823
681018
642302
854967
728703
498003
225558
190649
243828
743991
741070
397888
476083
571514
373528
559857
906415
410125
315831
981367
801793
797312
531301
725540
131898
935063
298505
444515
892462
759749
148734
111470
380624
313903
22473
897931
408496
974299
251593
538527
613961
973819
679677
964038
535866
207257
637422
666993
547698
521826
11147
497477
902406
703156
71169
839786
309919
145673
823174
39371
439505
943854
895329
104381
444673
864448
675447
238701
584576
122015
539473
15323
886453
546742
312634
114141
848501
770683
510724
885353
294955
121563
467036
970229
147816
950482
876120
653784
365595
775462
743838
906430
617516
565169
446263
751737
424359
605043
47351
393141
508408
389201
778361
229082
851693
838539
219097
787722
101491
566412
773250
946753
88965
243370
44599
39857
916263
191923
295422
607235
922362
523834
832520
163861
152860
412652
355594
547258
898253
794282
525695
450181
457206
143579
986875
388508
199950
508677
766555
697633
918816
929800
639309
411398
853350
603592
158325
100382
307744
127990
985207
465738
184129
40410
521744
482989
258164
55475
760947
64534
205978
289126
190621
100214
849883
491156
485155
846353
435563
651511
182582
953515
309821
812492
283649
781019
371085
370068
708731
200377
704830
104993
546561
781195
214159
249341
667184
342239
625158
789028
457870
579052
233905
674717
241280
751040
988584
764856
764521
774323
299416
604172
236224
543868
412737
642915
973047
510572
671392
137014
508578
279018
608061
554860
772050
901298
27189
306711
476488
860637
354367
164151
565897
25842
154162
499310
25378
78905
374739
423889
506460
183217
553567
914674
711857
390898
790984
5780
775135
9004
793087
450983
390231
981207
79688
255253
329996
339633
712878
119353
19952
486615
97007
294551
629417
986472
468887
823707
942439
368141
431208
240698
413271
871704
104841
748628
337782
860469
943108
601820
430374
850665
130595
792783
357193
623449
196953
567447
359489
286641
906277
929951
789666
324181
69357
989045
575686
80221
538143
255743
656023
316173
834492
280726
535364
29452
440658
518490
243900
510191
387971
834242
542992
503866
44837
957839
399849
34449
924304
555795
49387
806238
104092
739211
533928
10654
683703
643989
670659
25857
406431
569656
262353
224415
108446
312007
907240
161606
42241
891490
981072
71478
328979
978634
227545
65886
821577
383547
521496
131503
577196
167802
563791
405181
797379
424742
277749
33033
561029
529757
501219
4510
200954
216722
758778
738245
877003
798133
803191
616136
339618
707984
474732
238771
114111
406745
341035
676107
104361
959181
809782
912414
315565
466443
580003
681624
810342
340263
310594
366384
96732
105468
266331
143669
87979
218915
863507
962035
798271
702410
776008
295869
372708
809590
576610
516181
856688
965254
300258
391845
127251
403463
416501
58344
910062
524691
633887
47957
38039
702160
755679
487037
737785
351880
410734
896034
441918
594896
523822
16284
435879
390579
404068
481353
404411
373962
895182
251824
299918
96315
550194
936776
18572
195779
634476
155105
162434
830356
783521
980155
735654
429108
815004
37629
332285
853860
958398
275838
584576
288405
440881
114300
644918
582761
536951
960189
999243
293411
353602
365108
738367
313067
826865
882545
380050
202992
292707
208447
698785
807296
925148
691529
791047
240742
517255
544598
66809
232007
407192
451259
236401
154863
445947
675646
543687
299127
212976
510594
768117
528766
726397
508965
62161
615442
410861
390227
807696
746095
227611
225087
728057
811748
254866
61628
336815
45953
211712
672544
959277
741612
60702
660745
78320
578780
562074
62855
620019
30029
394079
549845
715571
972033
85438
355719
725303
822358
718196
717041
973314
223134
880317
342495
48438
624823
106004
296778
89268
70114
795606
778892
675279
463650
532032
468055
605465
518241
923734
675883
596158
320964
835079
521839
551102
268615
29977
384899
67350
797914
648663
583406
732843
61535
923221
599066
267705
976354
238639
735629
204310
474543
25318
297237
186518
908395
801528
578884
907322
925827
6420
272958
738221
319163
804780
51594
70401
85496
9464
134558
140320
12779
249755
239269
460576
732248
963952
487122
155197
769016
468170
220169
679634
201263
871352
801272
101988
184437
56886
280069
38087
652865
704063
843300
45280
658679
662746
711156
670521
174690
996485
378792
795369
405545
281309
125474
961623
740330
19053
740051
765531
526788
558037
588243
776874
64798
832525
903158
409176
376916
562957
67662
825490
807243
180343
19697
594864
257750
658413
890468
189576
90139
190286
579978
961086
353741
532321
771514
58129
503497
374550
491369
435922
716359
273798
403403
877046
885707
501663
306957
868852
889533
67947
135213
851423
588366
57112
985577
226729
95848
196743
461273
512582
250498
619487
10777
9199
808399
606274
237764
60426
843767
569212
981387
753667
118697
722716
180228
116226
383977
951798
307852
671536
312404
494062
869794
696735
794469
984551
786429
148301
412155
969360
950148
924084
890956
3060
144055
644839
142404
267689
695396
737002
961774
406227
363419
760416
972305
459743
209393
304856
811332
515070
972338
590144
970932
823874
562903
447747
521323
210315
607127
903298
103246
84730
908407
937168
992992
127931
290237
649186
841762
864220
835544
408969
52442
57543
591460
932354
229369
968970
542848
263395
567291
469905
111193
817881
512902
730062
132418
685194
763012
581367
861199
4355
951488
414050
142519
154799
468466
799652
25931
797650
24120
656619
801534
55832
597723
926929
208086
334969
943738
245036
879797
334455
928892
733087
572343
322408
287694
375665
57460
239797
311181
68975
603826
713213
243013
900522
973839
215886
171787
560923
421392
410072
796113
647276
628825
83848
727316
245806
981614
662979
166886
55501
355973
538602
346485
193468
51817
606554
345389
205516
695626
479233
59334
384687
987810
759463
295644
871306
817556
264208
598930
605854
511489
74041
713029
275714
991780
553090
380366
975801
993560
210544
835683
708334
985007
654856
473766
232858
783661
752791
522086
608083
161563
184517
102365
314961
844814
287752
194799
833628
193442
354642
752727
22105
560519
797901
831553
423287
154684
370803
789330
356310
234701
955558
291463
504189
831786
952144
21455
933100
166584
257701
694150
953346
354343
763149
929624
344273
934653
337709
310993
371626
820974
212972
47937
396315
406091
977556
324926
499394
426940
676625
590219
238546
940031
856197
250457
114063
588894
331368
135335
617323
588476
57883
370862
501911
132135
856162
773402
962653
430914
702422
151314
524978
78497
268724
340234
451619
473169
99089
766882
881025
596672
436619
378120
714348
533832
585284
27389
108823
276887
380023
234159
393921
482552
571133
360700
719258
653608
647664
932576
604281
66334
106343
167024
200296
946278
170893
666674
387972
425809
184066
445954
860899
286469
441434
795708
122736
722779
212664
131535
969549
176005
114939
403534
186635
209583
943478
885011
115314
87571
497257
43652
763082
125407
543761
747684
688777
876394
683833
891785
862840
578653
897659
192004
148774
191024
378833
707246
860579
470802
461056
814832
928041
80248
234431
370992
956995
969819
997910
821738
820741
425381
300633
590760
359220
293292
457912
946553
137794
615895
371641
985670
965000
974240
41273
791684
234265
786332
445792
712363
725283
295210
943811
837102
611678
553298
160447
519406
209784
218867
713397
69557
391336
761633
126188
924787
435045
841808
64122
273765
358814
378717
524435
260526
674157
211987
225933
454835
738971
206498
364664
561350
621311
719860
563426
236956
594824
330440
128155
873650
384261
335402
654148
792855
918509
671176
805717
204557
269364
903271
511783
483920
256453
135104
533011
575227
72777
326985
925129
80837
118711
490480
659812
409682
898103
776634
326291
330456
647583
157341
44353
87028
422626
397431
512685
944148
265688
255205
80122
156905
227772
752972
883840
374213
65359
371752
999874
261768
526238
325124
613613
560727
548225
178394
319433
515337
548490
759929
66852
772294
696382
116178
699909
202686
549199
70399
262779
824761
633628
332298
230072
521149
306179
961406
558656
297863
318921
921469
321178
361264
599123
506784
306515
233093
63216
389305
517959
50942
437787
58714
784975
970874
776362
96283
106891
892593
466131
546
563565
487135
841174
323951
269731
645051
101638
143680
390445
713287
37426
259245
139286
900132
164174
689707
113757
399671
174548
259532
969324
133670
10744
776789
536120
991799
352175
256806
248387
99012
221107
447790
402518
64070
202141
816650
167774
661586
171403
225844
489914
517287
233820
842685
270165
173900
379346
812947
655675
425341
943952
130996
205409
570887
421648
215221
281039
190566
651535
402753
937280
526656
641017
194700
589695
85374
749954
230618
90538
972183
631974
864704
202519
631870
192038
41078
189752
302023
332724
560046
633697
83999
146417
2986
725229
500443
665107
105016
932156
462061
510512
356869
560409
243166
396852
555715
283428
881650
835901
661907
534494
131087
275043
894445
197074
50098
110859
73181
244008
268086
728678
721495
166283
977353
714770
606247
193832
369840
993084
675809
221446
880551
260829
137117
129230
28757
624205
521058
442251
123714
283122
246737
87977
237059
394367
837244
842109
856298
469603
589043
4121
114863
637970
311762
943983
773784
558789
771477
267490
79694
134393
223076
269099
439400
911085
745697
760803
348877
896114
992418
14073
314189
681493
980831
67408
857528
925930
877055
183847
298140
6668
419901
832466
650694
755890
509454
242761
869717
253216
876921
98273
477734
577880
784308
351044
254259
402230
52210
926196
142084
946950
731507
965897
257492
642139
77984
977431
787321
737799
890271
984877
290958
804716
861047
905253
954419
139126
971233
866516
923720
156633
475588
828611
116076
188688
389068
884396
538436
35535
145887
376560
667056
152702
693942
518767
542894
153840
729825
195396
734304
566176
138734
496605
561785
238994
470391
206770
431192
29112
332191
961586
585133
110076
468920
537666
977551
862965
550200
22154
32891
85147
14527
369432
521391
168802
260519
420758
406194
231952
330699
802892
600413
641658
756799
49439
705482
414899
989368
183877
268495
666052
66506
938405
709168
339439
117954
759253
493258
806845
628209
887278
761324
56329
887149
639194
326189
477567
995383
928172
794119
45374
137014
721491
556335
131444
489765
138052
588276
778206
794213
539175
357442
190755
360002
321947
52501
786245
236577
934563
97208
730266
776160
987172
242342
633366
195161
445415
504803
348588
524579
489464
186773
585641
879871
718185
917017
329478
467153
562631
489619
931673
349498
942027
909626
921846
823731
900330
658091
515300
444514
946760
825140
993710
13150
632236
101052
616292
321062
373024
971702
758875
313694
365790
492547
341625
682454
330981
186163
504606
635462
725145
399797
346278
883266
857621
162876
663987
672746
906879
566662
907131
49293
374084
157102
757076
933358
834817
135321
758948
247866
808197
362325
488244
813231
863532
515060
488948
503633
516591
143906
58993
920327
242239
941405
232205
709333
166152
410038
761195
957430
731030
595296
806192
375145
575379
121212
468075
302748
380966
959532
909605
459326
614219
738539
516394
139472
617990
887319
595895
202908
763234
358265
272152
758669
62520
947772
766112
462854
905634
752184
212137
509361
360210
657850
687101
966775
514291
224407
331246
767424
483046
516925
384870
644984
355027
898583
114774
556745
151879
935480
489953
626422
170061
716892
51470
29541
312713
802584
576754
356795
605367
675120
989252
176315
290163
707906
594288
210662
523957
892068
807702
147477
651463
368533
75425
596540
410018
354244
945973
692996
650865
784368
517906
18441
753608
98931
769548
940505
384412
437610
959316
240133
808777
969892
131890
334858
478142
701832
305519
366513
775756
623748
485695
590590
275671
944263
963072
897582
483759
374338
299157
325644
459917
457670
465688
265720
298403
319407
834154
834989
995016
181935
625367
735156
98369
139751
392244
911884
297438
193474
336077
552082
131219
603727
155085
632951
277907
209505
967883
197935
757775
306527
51370
431683
857619
63696
287828
658067
674345
463722
708854
301470
930852
18122
953724
198247
940140
144757
443821
731902
251758
571841
647489
291572
181273
828585
121396
393650
484448
304408
125332
588901
384381
331478
219760
581124
682671
352887
479081
36318
438195
97257
207746
219863
236460
67315
757374
40872
316569
282382
104614
470242
654480
451919
992566
988734
948639
990089
768052
990270
561907
995017
810628
454477
860632
619024
904936
84717
6841
958523
517053
526375
332319
584658
508800
222319
632522
969657
805086
721271
716899
8667
110055
45549
637680
429783
150752
625851
480937
899862
799514
414117
603959
500734
906439
900851
108991
400700
460026
794861
322642
379917
703495
644309
33299
335360
383696
553169
681362
718356
237537
719466
354411
92812
374857
547166
575428
550467
851384
338216
267679
172754
819563
873761
808479
419153
103574
686687
527549
325655
271359
327210
933178
70909
784504
593708
950738
899973
601457
282381
916629
495081
545761
543115
15800
921083
823127
358307
659525
835784
874891
474141
285980
115027
812355
698616
451756
589009
52193
105145
435343
661024
995928
381296
946080
532446
21213
519713
515900
685834
32757
715692
476710
231204
385797
622805
144783
542416
106923
62073
585158
195048
143729
465258
494824
443016
249631
76386
538752
348974
387964
816933
993669
866307
152303
834257
977130
9709
5804
630966
689948
538021
506259
443870
479702
384840
611867
424944
341395
461376
716956
744543
53172
967335
63800
69298
276224
592096
339569
488945
688863
443578
919340
309012
704676
58633
155811
637286
541314
308272
670040
491872
792827
364033
234886
365324
998004
852425
376486
845317
867185
702014
616275
711930
413005
587084
265021
468020
641195
315838
416807
198959
600807
321961
234885
641518
557116
873259
453223
76087
175928
370321
328000
473158
934707
921935
968021
134400
706031
267466
7126
481910
128580
204882
676912
823522
414759
832663
327959
33349
277707
544139
925953
200237
751999
342163
512558
586423
633705
234159
901863
996957
543191
145493
730849
242674
975891
257351
410365
711626
245937
412430
195016
252244
16045
607111
963380
355906
778609
885819
900896
620460
681429
351196
633973
513006
737840
854420
217843
543567
910568
811555
810620
514889
665180
551575
724849
215706
967740
211702
160339
183119
211282
391504
187286
149795
986306
55158
404056
185284
377266
232020
773128
981330
18961
686205
201134
251215
776196
155268
468263
978039
167502
964862
625336
306377
333731
579399
334172
51368
520928
694050
295718
113514
822318
449749
649560
853338
203169
306759
242607
940738
145376
12991
109113
277708
500288
523326
332578
136667
230906
865085
948115
36461
832630
351701
752749
698346
664883
158650
402407
628657
425322
567740
35000
489634
578927
731409
308050
767673
978510
20568
112154
73297
9096
987130
164883
531251
101181
313641
572357
940824
231943
823293
120913
262290
75544
635897
843468
873450
46853
63817
770610
129092
366773
367000
795267
306695
279370
906771
513418
114501
438936
590286
953422
4515
368472
216444
625484
549732
445239
504303
270263
89496
338492
341548
4893
263623
419167
745120
845883
384088
689835
68744
594704
432596
574760
882133
52221
449770
652721
100763
262419
627025
614735
333379
854139
35083
202600
997963
142195
315505
63336
257692
12764
632573
23974
473324
281027
665489
292099
84938
937355
251453
856989
661474
47287
424460
173907
255042
289780
611195
67110
180031
810785
31183
628542
356091
694305
578281
553669
670449
434413
707467
185326
964613
603526
945612
201819
486355
700490
309215
905218
280014
712805
6729
852138
302296
67869
48008
641712
607225
850565
518477
62477
871046
407290
13250
650303
842819
296111
886827
600526
257233
899804
974913
501344
142136
497447
716401
707979
23486
164618
763980
21950
37116
500027
986682
193914
407812
54208
202035
731668
606467
61993
154357
199154
104139
802462
846982
405057
664627
728848
860058
455684
417144
701505
454911
395992
387893
692278
745994
380463
402468
257785
848657
80715
610556
216166
981837
454903
948523
877703
44769
200176
934712
362541
223650
907815
170578
492999
6732
385797
259304
698858
518845
702676
758726
29728
95824
721384
652766
643492
719205
474408
514990
366103
516719
218630
113739
16895
443474
99116
877779
962438
841162
99096
658888
504169
572080
976515
343716
866328
505236
230804
633391
646454
679612
387809
694943
848157
778987
994332
977775
438899
978412
460066
18923
285464
918823
544018
251735
423546
159847
108331
458965
732679
562881
859045
454300
272281
974488
806508
205535
711318
800816
74682
270817
911662
36571
208891
611726
2486
270477
573473
745502
892444
391240
100173
526459
118455
98889
530401
367922
822781
137265
661481
973049
177154
384520
702814
5107
71085
728365
154298
841893
418976
279553
91676
142384
214104
885464
290347
612522
500087
222833
320829
475404
810630
439607
349986
710165
905370
207810
173940
551447
162039
270173
300651
607631
525908
107181
364316
580238
200417
733490
383512
743116
179427
227018
582320
849367
4305
425276
346970
300052
289262
295672
735019
982930
949472
590710
86453
601442
33461
666265
286177
376774
890905
772827
467416
281826
880709
91156
633305
588198
181647
50234
476570
687669
955131
535908
867510
281124
621431
42936
281649
460699
195822
737029
94053
680684
853445
971161
581452
333541
781668
498176
699169
102663
977156
793385
124726
794913
557665
817920
862835
625408
143632
891840
598765
176577
622477
21612
420750
394722
405038
382360
888657
372030
946289
423137
747927
975725
125182
789810
987358
300241
235657
530258
441980
411207
509755
800076
371055
686021
375484
602508
223127
162013
592379
379244
3272
493097
302841
252131
491718
450027
43515
343538
972559
692548
160437
579853
581048
334435
896704
144613
292913
803888
606538
317076
316088
496820
412157
689710
251862
850238
858190
938498
403314
446490
567547
218981
756850
588441
426934
19874
57677
116623
206628
354489
626575
251058
930405
548720
676217
266764
2059
417841
950475
244609
90895
206760
922662
178148
54798
535137
964722
709871
794909
966083
142000
520358
662102
215819
944933
651517
372594
167468
1771
341539
674428
462968
81342
670433
124254
576332
229581
544064
201245
854548
680487
474187
57194
152369
656048
703921
626666
679797
900403
576179
592843
358689
209514
494715
840728
851523
391616
722766
858295
786370
186634
75686
762936
413739
713034
311141
295556
233516
426769
696213
425584
480710
998633
893220
604867
937567
395045
652749
948524
16977
353340
532714
467401
78083
282391
729091
766239
411869
931530
71597
650270
322227
281681
697672
602406
542426
206753
477029
115297
198709
996105
150881
440685
860315
909544
887254
231236
779206
970540
858068
379816
16664
129904
700044
358854
10772
825374
528989
115317
776431
888692
417818
726805
397152
496187
962815
310529
812640
586834
694531
660116
787523
699368
970101
291200
49116
220975
621273
651504
579714
880889
931710
145031
447298
381690
90174
190979
627251
536969
268476
791069
255021
790135
473251
317873
332406
917310
299606
560637
393428
365369
840457
909317
589973
785035
74053
187222
520619
219168
420795
141172
311490
350014
359265
458363
890780
125610
870546
886257
736698
673296
397801
550319
709269
147670
599051
462279
696700
4778
980656
178211
886631
706869
726750
200316
681397
901513
822424
770495
415649
149982
688635
537909
271803
619152
685883
344697
122447
23534
568100
655032
977362
32371
991556
166321
897339
508849
905863
229554
417979
846795
643425
77862
946350
808025
242079
591145
807861
875456
907757
536349
145859
556094
439037
386013
853536
365093
951670
604914
159199
433736
199941
514725
359082
388924
469020
19623
291159
891767
831764
592822
509796
421350
454271
749386
804234
587856
661796
969428
278940
212703
941333
721578
850599
856233
234762
45570
23915
20759
282551
247988
716599
688503
828980
885826
667583
307644
234806
729592
255720
755950
377460
333517
314452
824525
45512
806276
938721
13697
499917
562800
666251
200499
108625
136017
87660
850168
681281
791144
611670
134033
831240
946143
425226
652104
519549
387708
707049
592514
740870
882467
90912
82992
401758
441643
719599
169025
568187
973520
71167
331086
658176
201036
693635
812274
45505
52998
933058
883009
82402
85681
698669
838161
407443
30198
913256
586947
524532
672598
537260
685340
382223
537792
673876
58157
165743
362173
112579
445334
425593
573113
987650
345679
881747
847464
776953
481001
532136
983630
688864
721902
817031
951391
898305
86265
945565
642723
299349
245175
625101
77839
521094
221164
689267
860631
538153
74016
122627
83590
925167
57362
309519
896577
499424
356473
833617
251437
600676
992413
900265
168882
706888
748163
798886
659454
227562
742343
983066
940893
875754
38787
871219
925649
218047
482021
94316
164687
515096
814374
594309
724042
817489
895218
954267
783448
886577
12753
441254
871232
580048
475584
318399
364295
390686
136004
738690
970333
46666
545858
171560
877428
191986
881359
747438
154517
792292
209730
569869
260639
324593
801231
238731
356975
80291
813165
179716
259473
817584
65518
675801
661818
501840
321785
87659
438777
170753
144938
303703
418597
905951
218868
889298
687007
139326
756469
188528
613720
310626
988959
74869
572898
965226
291621
410260
115538
787773
627032
498612
920325
817586
613662
396570
452579
172885
930880
399977
180734
423283
65556
673505
69498
866521
233867
580032
915932
352174
925604
325926
510681
201059
659969
996771
918984
535275
976932
792646
508034
905296
7110
473180
405579
401979
714351
729302
731109
150772
342481
394265
468213
400613
191015
102846
111002
49806
329462
579965
466406
849003
553835
669414
919005
322159
455366
392126
571571
641266
361823
801069
945152
672803
974641
288618
131520
814790
359443
405324
25223
709549
917542
345545
245961
910919
426105
34994
257962
980039
528363
53444
465563
570325
406344
566929
525502
442677
897456
704221
315366
552292
920138
607404
544665
751029
69909
947389
318374
793338
153143
139328
44911
136537
971139
247345
23740
4791
351189
956343
714197
291406
631798
772104
844894
978502
103448
333837
930390
87652
155391
235489
101739
312688
842696
121979
420915
437801
835632
775184
712794
553256
528874
252516
208412
253435
269356
356010
195039
696650
408903
383659
421448
642044
856571
815695
181361
490501
448142
497318
542545
148515
893969
390301
826831
818888
107849
449697
871345
561425
751658
514167
400542
474173
281891
657148
591471
286843
347714
201271
626471
460722
598281
501816
264609
752881
167883
209073
465176
580781
690623
471798
451312
524726
525102
330025
40808
109815
896255
13599
473033
788327
858451
766356
250969
803413
893462
414504
664957
936204
481298
138568
577400
90125
441537
38776
740074
761238
820892
560755
492811
669234
601503
783689
565839
307364
357569
349746
900926
516626
40727
701862
368469
689165
209670
289742
674926
136369
509524
834736
539476
789421
341662
400226
981350
6061
881012
429544
60523
985706
27422
587898
232222
439259
407158
125101
207611
74606
312129
311815
924006
730213
921695
900536
160349
368802
63740
694311
910443
420742
948380
676930
199885
87221
716017
291525
756760
947172
763602
963601
993692
257311
514951
628329
159245
139915
813027
318788
283607
353907
632599
606090
215315
374873
913895
989137
714386
154495
891899
469216
709404
742562
320660
815375
628921
93905
131037
418200
662544
101279
863301
526019
159462
333463
965951
926579
864711
328790
927454
48941
102481
465193
168399
739489
471825
111287
463797
550537
995136
592751
202835
60833
451077
165574
619118
269966
217044
488243
289112
158023
164057
195108
212124
277083
90066
952460
600374
634869
311255
655975
819808
936956
732162
688362
270409
134120
364210
272303
458608
387559
884805
120234
505721
588787
367718
183931
450442
698297
317547
899116
499726
535479
849262
406883
186840
519296
469233
205506
851369
351293
488738
595786
139757
503666
542856
143177
352630
30524
867831
157272
669079
339269
920180
350522
261931
182523
345717
583000
135522
948483
142369
86932
805381
141159
1908
841980
983872
270561
760097
680061
409052
143699
789780
290871
333884
968413
610647
142867
893229
339762
753274
465061
686304
908524
829659
721843
84355
929802
977364
687001
191914
424223
184896
25381
93742
863839
401219
347086
874897
330553
298577
177644
440208
439498
102229
661977
456624
524294
918605
907796
95987
597506
618395
954905
992043
2167
748851
979738
884785
295965
327540
673456
642032
914323
262031
227219
970576
73538
92288
578369
771636
709818
74025
478560
134478
541506
790484
816105
844452
206882
344201
101972
111105
402969
911441
776489
347981
515403
429479
662454
233976
665642
983778
247246
907388
17966
130866
872311
279822
994593
627159
316956
108347
770973
839354
461498
968634
910711
575912
477220
986658
625318
643535
224636
729107
321075
89216
509299
314258
706104
948044
293347
229007
156100
19283
926523
760106
665165
683420
673289
116088
729791
271388
556556
602630
44390
784518
419539
754060
942320
569510
795218
102311
819858
714440
383322
751055
924444
105283
62802
610081
268765
841660
269117
111369
32101
520032
929023
631584
993509
854909
902637
906440
446289
489676
963147
653556
744207
302298
732936
774206
595984
625696
524017
534688
335878
303584
800221
316134
340819
669386
491620
608256
92236
302454
426728
680045
447698
358801
822876
404925
466955
850386
399555
857736
908115
741979
823562
946637
692213
970283
268681
167800
324447
244342
944056
491041
285244
927297
759310
64926
468236
528680
974567
314937
120906
670270
408063
350536
79367
966217
871965
439868
270436
264569
81231
791346
277248
104540
936635
809154
202006
699407
308666
781058
530466
685006
862635
495189
621013
979032
703160
450953
235534
831653
222550
523574
439785
831554
401201
298223
298862
209347
372467
698561
916008
471378
1811
930359
842617
545482
360773
131779
177779
183209
990621
27403
930557
512042
319913
233971
149042
693621
586649
536427
960691
480400
732519
102989
127863
159275
584655
150428
889979
163547
68862
133877
949770
230177
300775
772859
940885
488266
882331
475815
486519
158601
475243
148764
817919
339639
143753
549578
704790
143440
159026
83923
846885
196275
687059
316555
825830
261005
586136
369292
30595
387932
572335
340208
401985
610648
707602
109287
725958
503754
406490
658021
720108
676734
404815
618007
449043
638678
711526
594619
561953
738758
425811
921226
778706
869813
861944
825255
939203
376081
838030
234269
912679
209797
785323
778313
298431
579692
465885
129485
962451
418710
437328
92431
202276
59580
620196
117023
163802
300346
73772
662778
870308
917307
127097
585014
957962
651831
315370
317401
649805
930957
175338
712004
801574
343590
458066
907897
424258
435293
859111
278270
135001
241846
502344
562212
66894
776236
907559
494760
238175
942111
721274
995183
58061
882392
607130
967958
331004
232651
35428
267000
802004
373430
211423
289954
782030
103814
576432
854891
280543
490111
834679
842840
936373
213527
988879
713538
398263
680890
562894
294535
987044
850487
58819
735352
963951
385717
550301
507526
816275
821028
704274
217081
49641
489993
604099
647088
531868
47510
619580
126821
62222
595076
28643
879368
256073
215842
616690
31570
15872
823476
167749
725249
807274
284019
566199
886786
844097
836025
633717
482618
369452
225940
743958
379128
17660
831004
846450
723710
49948
42837
555362
776855
493577
907542
431272
920361
188555
862148
685878
577243
642193
759322
526312
158054
759327
914095
756135
259523
432944
566582
557457
26988
804897
431754
43382
92206
98228
553794
351946
361697
575247
927788
6989
821250
94582
976337
482655
795822
957148
990539
202776
6542
350334
34742
162033
303962
636110
739067
867686
215008
892794
552501
518505
59597
118089
414923
252862
69191
627530
125840
478125
79555
601263
889674
473068
820728
699236
368275
87549
862856
920449
606291
606627
807563
726966
936224
906805
307503
295481
653674
945826
377309
563754
940374
862216
829859
850199
817888
540710
935729
494179
936385
921145
227697
657196
498195
633961
627057
963088
169696
86376
921711
626542
263712
652207
290744
317698
234638
908166
178219
752875
989073
619177
417359
892572
385169
629010
249687
808592
812034
170649
770502
695432
506009
7487
198514
417144
90776
712287
988231
709329
240938
89660
928589
199621
820001
697370
233168
19677
543562
305285
389986
687947
959473
233263
241858
416091
576583
136198
4185
784967
765551
138961
684091
508114
190849
359749
236922
109304
103201
215881
115462
405842
237122
543557
839129
135335
154288
467168
968931
274479
547661
387303
606266
970525
751066
184984
15167
854508
181256
362338
697878
584204
943312
160435
129842
42418
170936
30972
546940
523679
39809
684086
158816
857421
518972
684762
787825
693388
669307
809421
317127
350648
944243
238285
588831
344605
388141
241680
839386
974889
219711
508622
352412
536549
884542
453533
921473
467479
467259
4392
348113
453992
458026
724190
199888
775512
332957
791345
325616
516519
153077
997509
866204
433184
901762
593220
823141
162173
107299
367719
759797
139832
522794
208787
924398
623599
123892
91839
625473
908770
628287
833705
735295
193762
827126
684245
968579
915788
839287
527351
742153
305647
970946
388912
443238
450459
651485
221422
492069
385019
177461
520565
424696
718958
353460
807404
628366
581708
169539
872136
431001
774421
702375
365768
836905
524885
30229
889157
948671
745644
336876
932719
605573
160174
672644
147282
634528
595626
508213
224876
873499
481939
278939
462167
590839
8267
198144
95600
773593
22951
316363
712631
122411
238056
709571
656188
791594
420649
652587
384612
798211
677246
208511
184961
652520
483991
4885
258892
349926
174790
10782
570521
909550
371985
201822
468114
628042
888245
88003
690982
136295
978364
112213
506377
685551
569879
212680
316966
650022
793083
903726
687990
193271
678171
147866
461034
970031
694686
64547
523531
722174
57314
935586
960116
53040
772689
484030
869057
335230
384809
14809
30587
912323
575019
103419
25332
912140
66617
933797
83885
77400
800730
683980
427147
498033
417310
210913
592894
138502
549764
731720
985577
404176
46466
377002
620706
555609
724264
477455
744868
149253
272758
547815
267980
645270
636136
914141
49465
774769
452239
177941
684686
787765
510644
676163
306442
396839
610470
601779
702123
440387
432935
410070
475668
346361
283250
30875
664228
680100
504096
552460
207541
841714
435807
713006
811859
487843
46894
88449
147284
71117
972622
330199
573245
89521
953949
81619
287963
242451
926413
902434
510277
833209
287982
285173
892852
308756
488984
693104
345670
439387
197874
935680
828489
119084
364210
98473
969178
451966
746097
414835
429074
184342
319808
124706
861517
144722
24934
53858
187332
154670
249876
29933
48796
117013
744336
928036
292809
15446
264887
662536
175104
830772
523245
485589
787500
910778
226184
871170
699644
207559
962797
105058
364324
357652
173898
563347
5392
223785
675563
20979
415506
352755
259815
645608
162836
738717
740175
732153
929298
786608
320642
180922
881935
528436
535308
450090
571136
214900
236965
345867
330665
95695
418944
474502
879588
50638
459785
971264
225745
879867
709730
432908
565935
80965
498063
484509
857621
652254
187933
274571
188231
816840
132974
497285
219037
850085
583624
342988
370894
801570
841761
434313
854864
258245
783882
157370
929916
7259
907780
66626
30168
61701
912836
194054
358981
757899
734682
171731
950565
622499
515549
346726
855974
557322
551343
800731
949857
26658
497769
698907
926764
890828
111362
350553
905397
554049
498074
100224
887458
33799
941444
494397
188638
906555
425326
938394
623004
676254
154435
668036
455984
58545
67485
245358
632858
695846
247337
229214
689529
718153
842371
445184
785128
317936
773328
496936
47170
196390
489600
539373
513667
22649
547025
657347
426669
293216
691070
83864
90722
369021
658476
39962
354092
771941
110295
325442
146778
434345
436874
976151
190898
934767
936137
934581
424792
511311
127032
538311
394372
967720
314876
828900
220377
335841
781611
528003
49931
449542
366905
625073
401150
412016
464453
183018
521104
588651
843528
753608
139703
395264
870858
288963
802883
402798
201455
125316
883591
361552
705438
166656
877482
168506
32095
97618
649279
654865
886475
652175
789338
587160
529300
860787
993883
316979
78627
280823
749091
476442
877191
760273
667226
204151
542166
163795
438092
406355
858985
874609
841263
364717
316509
327179
172141
574372
786757
837095
243111
747113
343495
490978
259465
857466
726959
2506
117555
695560
609321
286767
764290
519712
76302
478438
124321
583374
101264
302366
717206
529003
110259
515023
956957
408568
695517
492871
931191
845172
641406
521898
946679
745940
437683
404324
878845
259440
796696
218283
151516
642783
231845
131213
411819
679280
899744
448328
103380
728102
109036
441968
203135
141169
51280
736454
846950
344379
433758
724494
516195
607310
827771
131688
137340
350246
293973
384934
278169
469497
121380
456722
830924
948241
108000
684640
516871
483388
946243
392322
987847
535282
472444
708980
896742
667597
52683
240817
692572
144827
85184
245031
728507
768743
48428
498344
114526
915208
260912
601006
523895
701401
12128
13136
58985
404524
604265
368951
520132
181939
374761
741099
976674
125863
758875
471458
559052
987894
919245
654570
365126
985260
626794
736808
452768
613921
140101
774327
170785
741406
925908
990809
423104
663331
492407
386796
959195
49851
900386
136463
460253
579108
331577
143458
519702
758747
238267
321139
747710
622750
348184
974516
445029
984671
71535
193520
21411
377019
579683
863270
93283
118078
903052
933480
71455
306716
162315
724796
426083
284961
904938
171589
905699
437658
443220
127977
64069
334754
630334
483298
179799
991495
773534
564
143075
585068
348272
960673
739492
287971
226883
319677
350994
567974
24544
656577
551596
363063
544037
535861
243355
877187
832866
35847
715366
864154
4963
623361
830766
925820
192866
151872
156619
494097
959497
863357
690393
294393
790829
116161
947523
433349
354881
65606
428578
760946
883923
857315
633862
365639
617717
66746
276982
919616
393643
993240
448373
829869
740312
219628
281291
554567
74672
561439
126038
405713
998304
101423
98204
151304
823256
982249
468856
185069
648252
819165
709875
967088
280368
583034
131910
230810
564219
603680
78240
936217
181900
42963
720332
651040
470421
930691
924585
99332
573003
613696
640908
198985
430897
913801
335799
3540
953358
647555
144660
50027
114284
42648
154683
741096
358781
313155
823231
2454
338626
306613
463851
769236
720177
11013
909956
107217
891160
237402
881861
127065
719372
860636
140445
194956
487135
190240
27482
193539
249251
981456
462580
876235
587335
796481
154387
206925
677209
471681
494054
589940
516285
310867
35550
254448
521666
685811
246207
986696
458608
866835
921166
90773
72016
567227
411699
45454
794908
1218
614652
42595
369451
632963
428588
851719
407012
1230
15563
337066
29413
810348
990717
247987
322420
966412
973984
435089
61431
251776
233295
547678
376310
428546
180275
930014
929233
739718
913906
43310
165596
147191
148059
572874
614594
553538
716515
383516
29086
114295
155366
166941
756824
500246
684950
798163
492807
19638
600054
732234
74119
473788
935577
412693
53791
785872
960951
4143
918441
41291
216497
206661
588442
570313
746890
530849
99839
467245
693353
445914
113774
226369
693561
61457
499937
62831
544761
174739
779779
152577
984480
363656
596260
71201
685477
307555
161398
114772
151520
880164
534735
586909
19555
540991
556266
329111
662064
646276
404046
896399
869238
591629
213471
757946
12985
850304
446676
912174
631590
799682
221145
115704
106722
66404
504549
345025
804335
921868
535921
591268
81909
732900
962072
961701
714380
324897
442299
568430
598861
94964
963824
596035
492814
382374
752077
101294
782729
75148
673899
792748
823570
343983
81937
892859
289233
434083
468167
848151
864828
833940
563634
707600
260336
416342
902549
196755
173791
143287
388498
456827
289930
268090
121930
964596
185859
77358
538766
746210
529355
181516
777999
172616
812768
99914
568225
797852
794349
265393
822228
776318
864392
384077
293519
831246
64607
978766
566474
847262
488536
44777
183033
252746
637837
101629
311609
389852
515298
532413
547011
318179
889182
308891
186470
740247
967964
299938
942072
510099
340396
484483
524997
790086
428462
391333
261884
150951
99441
791263
982035
120398
307489
814590
310040
55912
243632
735409
726236
657010
81983
632890
867609
880197
610752
642699
812024
631727
527205
126248
283852
534311
32057
951072
486033
763517
233303
439101
760637
174985
570216
877586
911834
610377
642722
664606
550679
191397
382027
289252
606269
304903
932357
404076
747557
285331
31381
656949
242645
661722
674453
291255
336361
932902
987124
384700
888831
49442
913970
173027
750742
354383
965528
160862
589372
446324
358702
735378
256917
975362
454854
179000
524101
744423
309471
178839
725444
495130
76849
805337
851919
9707
479264
429646
50450
99676
871283
395718
979650
972904
875651
712449
906381
994736
918055
986889
916372
859489
742253
810157
345540
750893
613486
727992
173865
174553
796810
800442
255976
102098
709593
536534
320759
551616
921187
678768
471110
400530
440092
825094
5216
55049
807828
525911
84397
660611
875608
578630
637322
613917
683301
736722
941462
635806
846909
131327
133287
30086
671202
878551
504861
7915
374492
963358
858683
82065
428704
5278
971429
147602
715509
412200
983782
732850
213303
680340
489158
472751
361174
879914
694026
994580
255797
974877
401656
921752
130300
684265
122227
464968
963353
24021
641452
448013
883755
791105
178044
287596
683153
250894
733098
863880
304816
257002
903488
383608
774174
223474
816708
926067
493466
7050
437882
61693
423580
426357
423824
791618
826811
627819
937643
967720
483036
462305
748679
361773
9146
694995
834447
672590
826302
813018
997925
708962
448838
908972
448953
758027
382536
613730
198150
263971
639852
280227
737958
133962
436447
300279
191298
981098
421746
507303
914195
235073
755890
8417
831834
23781
451677
933728
102807
572521
825142
728607
949513
924081
941214
173375
553476
531093
733990
589513
395347
272014
771509
470748
196008
927961
591798
745766
400284
363432
881380
371465
411841
70617
535863
497498
752875
419990
77361
258761
486250
379025
819416
91071
751854
591476
616903
742414
174705
872295
810443
898625
585706
754226
447220
52543
930592
205445
263075
754069
882506
259414
997988
823677
996680
699403
448268
150853
581920
475030
363986
729763
578051
678883
910480
672519
72572
507862
818700
50856
677633
754940
705845
864725
426728
101165
635628
693170
372559
876622
844712
619004
455551
255741
557908
502740
483991
827644
129165
446468
28342
88735
440713
84155
687034
777721
847826
804500
484964
785562
500840
799911
406469
536664
92722
576096
253633
327283
79353
100728
738241
420846
916946
5992
631713
993116
163975
238936
273184
426232
380367
960194
925558
124229
670527
365483
126537
151159
897617
934190
579470
905839
22209
257344
953011
186106
282201
481699
398181
657543
755452
307280
363101
579430
335204
357758
155788
567827
380013
299458
364002
934344
911915
588431
362210
32014
210119
740449
124741
180109
137004
42259
250622
368694
354017
401126
786513
749957
37882
413214
284401
761535
552201
456372
201211
478616
236894
571631
427235
128964
146600
804169
278143
623587
77030
363309
289512
107305
999916
986628
29265
293812
901415
693370
400618
661652
377171
345157
314858
1253
781393
701283
244075
75515
376245
620271
705987
332893
803263
535085
590831
537926
932699
904263
18666
179740
904921
607497
380163
873270
172661
500129
707994
701638
511339
487088
779736
663331
668013
140955
935147
972091
365716
217384
736306
609776
915889
731862
268209
561936
57950
145069
833217
334356
946734
839744
301768
838809
651016
975868
812207
545177
648402
937159
701625
45311
108439
818475
739205
308603
741478
469540
536369
839223
483923
43134
700152
128127
515681
21543
259908
746552
460455
656153
80379
802422
188715
698405
435056
81111
364212
360421
837609
743024
337407
623457
281481
610292
372472
51611
899348
681095
391553
469529
265195
24581
219087
689951
746412
499185
792470
576924
794125
355657
359552
660318
87714
8334
375277
309351
363931
125124
590094
380344
350195
586704
894370
315288
407542
329832
656006
362064
521074
658388
989697
296406
254726
328703
221749
102666
123330
611520
900935
586525
166048
532838
620273
653484
236286
832240
793795
12202
547753
834697
31509
444887
94066
121166
591763
103471
816708
786972
945923
267083
551428
781221
980598
450587
399894
308356
553682
195630
122656
449109
846666
662237
201126
767088
985011
569730
137166
441104
811590
457116
722799
488421
447945
471282
388469
71401
38376
201525
210580
517801
89313
75469
985620
801074
999561
283763
480435
684235
696865
174197
134189
21197
594141
150184
818505
765311
965925
120539
536151
239852
897598
968567
810329
740769
740782
288161
852363
802777
200788
123721
411382
86871
330400
651356
217659
453078
78739
129527
957967
481605
615279
84108
377253
734035
640556
680252
222015
693877
898196
857073
657085
734693
93039
754169
861775
725060
99404
422212
256325
260195
254136
452906
437989
766209
533715
151685
184557
796625
318129
614433
248627
835328
311975
597483
525179
877185
968278
87027
457045
86338
771751
139317
876984
489144
304811
740782
165506
417730
905359
203273
131490
625774
690272
468016
70955
995094
608008
908297
529973
815320
67380
326163
836493
487164
16612
366825
306845
972582
970402
329475
321468
467738
674387
524236
62083
699138
181192
994193
2873
894233
601977
586137
859584
356513
347767
121773
956142
816364
383619
650468
181694
449879
766902
119583
711088
875002
71617
162917
951789
424100
408770
13268
266419
444328
270288
530279
803136
743408
156670
830654
320600
873321
16442
257339
82510
178294
629416
774473
761842
929384
727508
315227
959254
14717
407317
83039
437403
277265
421097
338917
269811
266122
608910
407750
679864
773688
854856
451282
187147
117419
701794
565731
416623
286908
62313
655424
762690
645299
432909
734116
732153
637279
150168
133847
503549
461995
388213
125229
500220
468390
85476
126541
580734
212488
118618
383086
770516
373466
797507
834502
808896
354401
532542
219680
791947
544872
859331
644059
504187
301808
390558
229333
997260
55235
861038
893043
760576
104873
273716
307659
167643
7804
435566
37450
929347
867245
927428
172971
687701
551053
193537
517029
487821
947068
741325
908223
845229
504658
82358
569102
588842
350733
185052
808817
661460
493516
189205
261200
336213
284011
659721
220071
833458
112092
850660
624519
125497
160875
275550
969172
523143
668630
351214
675152
501219
940894
862133
260210
921334
807843
579146
260419
88486
173370
181117
239548
566513
626703
385552
188429
326198
94489
555897
248141
454326
697504
101855
801366
994471
821403
672561
553724
621276
575937
356627
782139
622160
964200
4440
533367
6091
777521
750748
87776
314041
858481
663224
708216
225835
730475
635964
989390
186402
941660
308120
883291
191652
455652
760355
868101
903383
59253
629722
20125
424632
265013
656136
413161
933677
164288
599641
462425
538700
308207
764547
977743
766625
397658
280892
465844
119446
789391
439818
97816
875666
21200
247161
457020
112529
996942
856523
73690
328690
712545
189684
96866
361820
308085
563789
979086
215866
977245
855808
657771
328480
253465
416073
213549
285820
30178
887301
468711
709398
186286
95151
444727
468809
27606
955043
24731
706910
871933
691076
995059
910211
875013
770296
24724
831942
600984
230608
264111
622593
565452
241895
475251
352397
869986
617455
339151
867982
513777
723843
734230
118027
593900
399219
708652
236903
781595
814978
970995
939612
39537
174720
60833
895215
736569
633122
648646
997442
979537
771232
133279
25217
741678
909625
833655
313499
734725
946053
58720
139194
860553
846947
894661
130632
186116
129428
395986
207959
892193
472580
825003
318160
684476
248084
182436
977057
516606
367504
910556
385278
454464
59507
311030
586743
108590
305909
114167
587620
788108
193996
631032
286234
993929
398095
205563
170046
328715
786993
662046
745550
399402
74678
107611
757485
902386
849217
287755
112269
947905
920783
459410
920505
967891
990986
13030
417200
274582
388986
32618
327564
777280
449601
426280
288849
334479
130515
302648
613573
694653
855515
666312
1583
945324
811887
836899
94503
693840
714648
960537
181387
184012
194165
954780
746553
845898
87334
471613
170780
610191
112348
168952
417000
452539
176053
671503
428245
96391
648908
487230
862544
539641
395406
261879
705901
183142
95263
597427
697379
835358
390221
910193
264667
179860
704667
390414
5667
784637
872917
811845
607224
923171
729660
423007
127325
619421
562569
499558
492260
203715
802845
782426
477809
696993
593555
284260
609369
737378
923942
996491
3105
562095
604318
631172
91404
401754
323613
590421
615038
439326
313278
982508
573972
2149
323408
593168
828557
54136
526379
231445
431383
576426
393538
350380
894017
83887
383098
796239
236448
481877
358777
335165
990487
327761
217857
691541
748493
624911
464124
98900
290010
441872
487819
776375
124440
346064
411810
973392
36296
567023
81201
384581
993037
213993
48198
351971
478898
345108
40871
461612
991965
626582
767553
166993
687816
754353
73462
772652
411927
83004
532062
515096
601193
259695
745142
803917
534653
453855
888343
487673
673580
587095
290482
298511
231021
380064
978491
238919
236775
408205
860150
74846
229330
300091
270335
558691
767929
72840
936316
723842
212641
882092
299481
64674
304511
614086
634717
910776
83354
485128
688975
685968
549823
615991
837979
389724
365685
664654
545251
746386
440999
454818
836654
222128
531924
179592
626810
491867
215546
94700
471092
881630
255616
962072
249460
30882
572660
99567
495036
141465
307941
664533
569225
424959
74564
409209
997314
736567
763299
304654
999163
567505
383144
430862
677611
875111
517169
128655
645332
923240
879669
479805
276656
205257
887593
67249
119885
267311
527489
920281
354156
209371
510757
606148
764844
654728
513510
265105
153061
778026
475876
19006
45131
598290
701414
932352
355885
144860
589072
876535
200706
150706
578030
9648
329739
868926
227886
606645
240907
642651
312309
560767
356191
146660
37423
779551
584575
744833
992478
440627
624214
293120
351320
228463
915030
326785
215449
29596
715050
48024
595634
310009
311262
224165
783717
987443
845923
155901
525143
150707
709627
888052
751501
324772
361046
188048
899644
254011
324338
840889
728229
807460
373309
277812
474719
310036
936468
55222
176297
678901
379402
45949
121103
561261
50519
275778
756944
2030
401130
469570
254611
936263
487353
647244
399504
456464
241858
882974
454382
773381
343445
379697
333610
897659
138875
928549
116598
278628
636962
414116
426254
978580
177217
270963
358448
699697
215786
836007
19550
757738
238974
731971
945083
407319
568575
134693
404469
430696
444270
433612
699099
395624
428531
503966
22199
198754
589427
924642
660686
858180
685026
793178
226210
194847
747554
711007
491209
487268
241136
223255
478347
520425
774818
315330
488355
864366
1541
525585
820445
733300
98304
966372
547280
202112
972526
466400
487470
142792
51718
791920
176097
5256
91894
474416
892982
661936
11921
124373
582853
229281
650091
876761
793340
223340
783731
854420
402963
544005
406708
625185
734457
978715
139058
314691
778745
812528
75890
501232
618301
97745
419125
184011
874119
93508
943700
864843
27449
623787
982485
532016
11423
623301
141455
543932
900944
350721
862020
915136
796617
765901
425366
222848
495307
817285
264740
823196
362581
912052
413468
912440
811945
508041
91285
947100
945927
557349
55917
257867
375888
404157
609741
616259
675160
244561
918817
630057
318021
785720
981213
39689
490451
819811
277637
958288
761935
429848
892986
940415
22274
985123
861188
158695
781901
996734
277496
716612
782363
76029
470916
597089
761732
470367
233186
106363
982571
662783
719709
692872
857297
120271
505250
565798
162125
649463
707991
5069
563843
316392
904914
957963
416296
175026
269367
591617
560463
271760
153809
352478
282869
368686
701217
341440
656865
103415
108709
766576
619049
202623
590793
635554
633498
930484
849648
321055
961111
446758
538741
825158
200199
704278
854325
853536
917421
843300
475562
198075
960611
992289
130888
120120
170672
768590
608989
561686
668922
199922
395968
933925
968640
624374
357547
828605
864792
972478
294448
582063
190552
201737
860162
574355
125452
374368
654358
547099
154788
947217
728086
837201
977225
63611
414535
947866
572510
576026
742288
145198
385642
866420
333431
70877
891750
141517
4074
146121
808472
964190
422152
1036
270283
720181
679396
737465
315933
594217
906192
505536
33218
482956
771125
448923
106740
289086
282370
869996
1866
970878
208940
39559
820799
713903
559809
611659
902843
697822
629663
418410
814743
51391
360831
742314
253308
888419
735508
160072
968937
341568
184528
136954
558554
249542
205803
505902
144149
763032
567078
145957
476495
646003
375360
392345
935561
510596
785204
314105
442215
652949
295059
477663
465507
856002
336350
94734
231443
583933
136578
739650
480802
91706
401166
203441
584642
612449
885980
211107
859750
588060
735431
266706
891995
691376
406810
492141
645020
142689
989861
555297
220925
982877
908287
436309
749982
507979
215809
397909
174499
745208
987031
40477
38301
359671
510585
268919
722971
796464
135500
944543
385397
272307
859245
52117
892933
943730
24832
56882
663473
171253
210643
49253
662839
867191
543582
803843
882758
202315
391377
628861
485807
826062
166190
420739
312383
707806
605548
693112
535503
731242
218001
900844
543212
723787
616325
451548
926484
525060
578792
148866
714841
740308
529497
436575
967130
617331
526967
979180
810125
101274
46521
16511
251372
325327
888866
555244
527902
437061
557163
429391
263310
241146
243263
995001
725958
190287
821378
167498
13914
513835
5261
761341
330781
70478
82076
802556
211248
147600
975818
86681
42773
171593
25085
298546
814917
292604
44569
566782
712171
303959
64729
409834
790607
674018
994889
270904
151217
407989
775039
328991
421037
597657
14760
418073
756250
495483
951612
395324
425731
589682
331890
984211
921772
11025
70171
525519
521244
365343
357420
210589
720250
248511
38465
868060
552464
318037
101237
654040
26458
823475
37667
536722
418190
573557
266308
580998
136398
638431
341976
64869
439515
156333
142895
349935
84984
595207
611178
778998
105163
47802
427773
474386
448665
311170
933707
803425
196306
461741
217144
660134
901233
227526
242497
395921
573083
96861
935057
647194
927233
379318
81100
475217
155128
239294
84875
501094
267023
345340
168148
689047
677025
808887
639010
234916
524362
896993
522971
373472
991776
925798
550157
943871
100555
840914
14974
106912
507090
840037
349174
534893
893903
873240
740817
77068
744934
104672
871112
902476
194528
164214
428105
791646
414434
893656
80479
342286
385923
129481
517094
733142
367535
916200
704397
255028
562231
522129
37109
938053
169244
954029
54427
38922
391122
42833
494456
84413
320537
656551
317289
603185
472054
895687
56073
244855
849881
119575
977506
343973
495382
933381
724542
298705
241659
530787
609163
109790
781695
414157
68894
299566
951885
563295
738690
945438
584258
828042
503572
479456
567958
91096
218072
578443
482222
521639
137793
18164
104586
764804
473815
908678
270481
809113
383536
470416
111264
929665
272530
992317
162383
682228
661404
612462
546456
811374
573165
358182
405741
529212
201525
973591
978713
33888
192866
937380
647891
332770
401193
567274
681753
679196
399144
504965
414801
261190
29768
616304
528078
58532
476553
31798
546158
443485
445613
536028
590535
833289
446435
730371
584115
654162
591584
320560
935861
499611
396310
659653
712205
385942
443121
546677
528758
862113
824907
208473
138622
673065
201713
390069
929591
990944
445538
698941
236198
316245
983642
972081
303099
719045
645546
155018
967243
632440
292596
973488
302600
609420
224569
985330
894371
417121
755847
708917
226537
719617
384795
991053
20354
409382
846928
654435
951307
942894
1028
595603
879262
14179
910640
750731
168356
815585
460182
571572
888858
866342
654611
168356
750587
594022
544358
240879
233763
360071
857919
711809
152821
928048
329810
351826
655268
394578
189810
907573
779236
683807
72248
611442
15419
209682
120871
590679
160766
559349
650632
84313
896150
217485
175063
625091
325891
880148
147376
793375
803339
202243
148572
24990
714124
792569
808817
549873
639838
670596
664030
833197
550793
339851
325411
334796
246497
920097
961594
326351
459893
750809
353425
377293
884403
413310
166493
244705
351322
19786
208069
451635
200597
460140
760090
655649
623005
570542
504200
422456
127245
165761
516616
880198
736597
520729
67106
608864
482038
401480
327834
535209
61035
504139
701861
745187
403307
393828
213024
988063
162373
580921
53494
394895
321055
125084
694355
32091
335003
513606
715730
400928
81185
686095
257549
50292
2443
215842
39911
595026
237993
639613
213223
111724
897609
315727
195859
695556
137780
622928
738630
960843
996458
161661
74159
233513
48027
465259
707740
729243
553566
236787
494825
233122
463175
949890
896558
992766
771522
80692
783013
391074
158484
840505
904961
333638
804751
547803
954405
826642
821276
797503
205403
482687
278043
876986
420055
599793
584380
156746
250472
656508
661319
665931
411167
186301
928572
243649
925798
567587
620050
207744
496545
879220
922419
512376
811304
540204
169927
261431
990850
558122
79660
785258
502823
600328
164993
591514
718209
227529
30231
28723
39430
301525
982332
21720
707532
936676
30757
112347
32126
264664
699857
51438
487801
771828
148174
927250
896941
747978
999696
529762
955285
50773
430058
884989
452473
318820
95427
576738
172596
701630
899160
483747
496172
907895
636242
719413
748161
439190
543960
215588
713521
758476
213016
496791
571321
6033
566562
970995
155362
407997
394758
567707
22524
827895
919104
297334
413863
866509
117903
549356
788290
686006
213533
343570
96423
50751
901933
913540
523297
155324
511423
406442
860153
518543
974703
528948
161665
316301
955651
451379
316291
922228
716583
32464
445517
416625
514759
923698
691472
608744
710039
831978
785024
144406
938178
23047
901055
647242
407538
273777
179841
874898
404332
610071
767830
657177
48234
172582
520939
849112
571723
608717
148464
406952
908989
615084
891041
47508
944058
214902
899541
242721
936822
725595
331129
948077
690532
145152
795575
208140
908687
272193
645343
330782
765193
732838
682799
335417
922465
870922
46946
948649
817527
952288
401414
227164
985396
417567
917053
986056
935359
753483
256285
269195
381406
476441
133364
756505
499056
227293
583740
875641
394401
9387
369709
884077
11542
660749
117728
722561
342116
465130
496324
459177
939946
661919
171428
84029
294899
242230
97782
930625
169792
622377
910801
809931
183376
565641
541597
602088
860377
479827
311030
283298
44946
199323
434095
697274
905533
553344
14546
439317
758764
641360
213049
251146
129972
787156
687299
735760
46753
15900
115110
90102
129745
644893
830346
16360
411610
590100
60840
296311
673246
381712
314485
796094
817676
987088
58954
813336
493459
683625
62195
758999
969418
811786
894368
5666
214365
35611
785661
220421
667246
573644
514202
59924
826739
853977
706838
167952
173509
128948
325542
523781
830648
91266
716473
554878
508158
810748
532797
711707
595388
463960
271595
523325
896187
87078
379424
635240
26393
829634
314741
16234
759901
903652
933970
773733
498297
403580
476569
822406
557546
24516
469195
51277
772005
644404
428524
407831
652245
690568
961295
514852
989619
363940
103606
80725
501451
110910
787806
886316
350506
97566
891896
568928
482702
636413
984439
114004
939749
351122
707146
238111
298381
960593
858135
145960
357282
535309
8744
956251
98101
639800
178229
371186
611521
363716
27140
830029
780270
128025
293120
875467
422063
37011
576310
534639
370214
713835
861399
549992
824808
570799
79049
19046
489586
805211
614839
829647
525534
250286
461270
657127
771138
6061
554697
614601
267054
47939
596143
757657
267865
281690
708555
386357
500455
627114
637648
740624
121423
595522
783190
907666
533123
67480
79108
384554
368268
60418
357958
45640
430584
953901
5854
934783
840390
564948
543691
304940
747161
259706
937611
42602
874577
141661
772840
295232
838028
16395
811269
431860
428815
662444
476606
14162
565574
786356
528649
349630
742832
154151
996874
344374
542808
889805
294567
899927
866588
617420
516474
820912
167421
249818
594341
205075
820572
701995
168275
528824
130267
352811
155101
395357
264225
495017
215495
984609
430074
614871
580721
27342
397537
103165
282412
490085
74787
287576
50552
123163
684203
447071
164280
438146
290136
567297
838521
398612
197299
404899
791942
265881
697743
312680
177405
154256
978940
228634
797466
356541
354966
337751
33614
632034
933927
272761
219095
97531
929297
384514
288594
255135
683646
9303
951309
470485
655954
487733
797655
887491
985756
880682
57077
518888
75148
228969
47127
775088
339066
988012
904644
447198
136374
860123
304553
553313
262500
755157
276000
230158
401824
861768
436075
891336
585361
378379
985755
327876
299334
92505
675503
708284
87702
444118
973769
470934
885807
583113
989521
595486
992575
32549
499121
64982
525158
130725
74990
839239
130488
108232
580235
55564
618253
634923
208871
462287
355487
949371
82330
758593
962450
828689
234770
90528
992314
145372
212914
105610
471847
512826
938485
820133
659865
147886
704866
395570
804983
784478
513191
860228
101190
551956
489348
330937
803766
470107
784065
897624
620235
282068
233808
990483
594206
382404
927323
994371
289013
619738
829906
393381
532362
80087
508187
183088
382158
146993
651181
854562
327480
260243
842348
828147
175305
514048
726821
15277
702719
673059
303920
657759
443750
112262
803736
277504
315096
989312
69878
709963
844431
971922
189600
395407
242061
812018
143688
566777
134191
36386
62453
758629
587929
214802
487605
832490
777258
124002
228260
243943
616555
945577
834110
879175
855399
249840
332237
640570
454198
733687
853004
538931
366990
712418
97635
918370
796837
702619
370248
519045
334795
10338
874442
783625
934134
936527
193123
701110
150988
636390
948629
840934
930602
283676
834343
68248
487256
43413
841708
814128
493714
568879
512287
807319
554245
599400
410803
60717
471497
654895
214225
401453
910721
107468
536531
512727
411379
367709
734130
271886
563422
925963
868595
603621
399422
594040
445752
184960
96655
796294
971142
833814
617188
202056
764733
210856
839359
224900
875239
180681
898727
666088
652491
740968
941072
738482
769693
172948
74503
335393
418935
575410
567364
398062
40683
701977
98306
614944
441489
257035
975855
617523
168861
808046
270197
788271
371162
543447
225755
648387
937599
81730
980877
587712
183483
212312
347154
433797
488142
477001
314253
434948
688647
72456
54903
696634
797634
966531
367230
762612
951439
312317
438463
751968
548722
602047
859357
546442
1816
898397
537249
867752
933083
22170
586108
701349
688574
45713
849462
174131
296223
348710
134463
851254
549537
335471
194126
117901
734868
641119
796282
657545
798050
784247
503298
674173
728694
722621
406639
329866
117631
733909
535501
449522
439747
927098
297630
269409
324519
854016
132609
110604
43050
612687
17119
362033
385432
769780
129982
702119
663340
144263
259664
112369
879691
471928
214744
387181
367350
477039
821582
483081
216831
43556
498608
716367
638296
585102
966896
30909
664259
288970
163949
982249
11978
104286
870671
520032
763643
172100
504267
869232
643497
169847
364104
929228
454427
321549
148284
751500
875886
772150
911490
633757
805505
717254
152335
784934
984760
623369
779336
64768
849471
472054
668490
942339
547579
180816
628260
637320
133335
845472
836349
497863
193882
53109
275461
944137
636929
89540
29738
405884
720230
343553
991735
174297
764337
781969
339559
735886
319600
991860
493656
907519
656592
803231
873694
397668
118934
5559
9534
690441
312992
16660
875953
581944
356439
551808
125485
386581
679801
526346
251873
251576
241051
956411
785522
797431
816078
43023
506375
607189
562288
542937
514311
669744
52167
29591
302093
862925
169268
423687
458273
133852
239272
433678
129944
758516
172433
24985
228997
907245
424398
583478
929519
411946
229817
243434
76835
601444
309488
940837
956542
321579
419691
55405
110430
174948
165725
512857
44673
398985
529710
55170
146463
112062
918299
861830
8441
558136
261583
336898
898531
451955
897314
909852
563294
337225
513984
633646
764803
607837
951462
167439
543119
585330
572679
244005
891688
333664
555891
272116
969550
343391
723605
573169
227504
876876
273280
895219
51729
413270
589573
174968
177795
398910
718168
201010
696245
799731
330506
43659
498296
55730
37877
374186
591818
912329
802363
353932
464370
523877
830007
236220
645282
956332
435153
264667
633074
294024
611834
301187
534109
961278
431815
586711
665552
176379
658410
785873
465349
891229
571150
146076
958803
34404
185472
913020
893315
981909
626095
666708
601391
799638
726046
289788
546131
874010
857506
593487
773502
573203
826552
739196
29129
727119
891960
32186
262512
46698
431666
710741
832608
925921
241218
962173
92476
712241
694217
498178
604139
63278
224763
635818
450954
242472
765180
229529
507178
617740
78405
255046
448960
207798
395150
140750
234403
170259
681903
395857
704070
141829
813151
163954
309536
981616
695178
155996
228413
578003
465651
672524
8308
422838
188663
448545
204082
976476
596548
720271
33906
349794
215203
29645
426553
466198
997248
919965
841254
163187
739487
137401
228605
708958
753711
418412
203562
175080
893949
159262
201982
937328
699486
684121
741702
570839
151253
823767
489288
488329
406468
57866
396752
869053
408299
516925
338667
958281
233283
977472
466646
112217
247624
644423
810047
172694
901871
6648
411132
228842
588472
460455
183992
583652
38820
290884
626591
159203
769488
815247
415805
929556
