12593664
20462383
16247938
1388481
11849489
14171512
10064098
10211676
10977614
8732535
4959655
10546856
19217627
17213200
26611221
17355055
11781419
25763759
18710869
9162136
13433858
9141794
132773
15345890
14294875
22186243
18513876
8624717
4114289
1685767
29502957
12736212
5305998
6645510
907856
3706664
2105930
13383792
28055128
17792231
18800158
9091694
13018580
14156460
22568220
14259073
2718177
9508492
25301433
13458796
8336213
3332504
19458297
20336028
3511931
9701324
2917377
27009143
8933340
1566907
1611211
10216041
10208686
8278495
5860096
28810731
17657659
24042243
22805070
5024081
21706973
22844052
25867457
13003692
11955251
6292339
29581741
18612992
21403872
20293586
4760856
17743341
13688791
12194042
13038746
16118121
21545376
24567997
7428380
20925465
20546586
13024663
10143124
22764071
6856219
16794610
13878378
6229090
13534994
16167988
26937474
21618824
8249481
8531924
24503623
27505301
24524710
25881079
15663743
9656392
17902185
1154438
242565
14913128
26038524
15532341
23981934
3899331
4766706
3312771
24072777
20981612
8861699
9644923
3849554
25249192
23648920
22762612
13824662
15980550
19115841
289862
21257263
10540916
4256807
23745243
29333604
24442120
6012623
18169505
15988979
28710903
24471099
3449454
69952
18527579
13198426
20420977
3843501
1469694
29912611
19813610
23392375
2631628
22145136
7394253
7010590
12606059
6091263
873747
3501603
21612303
27268265
9381248
25195242
1902106
28389877
25053780
8122385
5084711
4230514
23587284
6293570
11852029
6432436
3732445
9010610
1995060
27476182
11748395
2837496
10413854
3083903
14203312
17233360
13910026
29457703
11829032
14891299
23171030
15400933
12603763
16979254
11656865
27000882
10588519
24455781
20367114
7669783
20726849
26385435
14535414
20953844
1648078
14623674
15236414
11417753
10415818
4079447
20210028
5679658
782543
9279270
15912466
6500912
14298194
11618213
18637980
7749298
4150495
22105410
15101496
47497
24190310
29598226
21403193
29195608
16643788
15801208
7407256
17194734
24882541
21586894
7728857
6839877
5012702
8891010
18316918
29607012
766919
1972648
9079290
9509523
25759908
28978671
1207202
9648755
4029094
8659781
29654244
9108800
4147662
23509403
6722830
3388651
19779482
7103611
15236347
11331573
25321746
3937300
20104533
19486327
18576233
7953364
2124931
22652807
21451187
23590385
24584333
18262729
11344009
6475920
15000082
22740370
16841836
22931452
29076631
29602016
1941819
3515067
15029644
23805290
1763087
23279731
13728695
26385152
8522804
1052141
15071791
1292602
21694055
8045308
6505365
6313299
15814463
3953983
11382319
27168814
9229419
4551956
26234500
19014327
24169777
2745438
9436187
7490591
9929989
18386322
19641573
28960695
216719
27901378
674863
23217315
13503714
28013584
11403938
25249311
4115104
10671309
4840065
13101560
11148042
19414432
21305056
25859390
3543730
23309986
16830980
20128814
22700011
1499947
15620113
24262142
19159173
11625313
13459568
5638342
22707141
5009934
922968
6339285
21969543
18777176
12567492
11218627
182359
22676878
7064164
21650512
8140537
24161863
5952264
21887458
20793845
28611614
6689554
17478453
27028432
6260326
1656745
19099267
12642725
24433393
13280872
13553766
22609275
8457529
21187234
3371646
21730412
24651800
2443482
19750491
19842761
22098438
1854614
14564685
4549431
1539042
5058677
21202942
18450267
7435565
26837905
3718571
28691530
20836688
15247878
5402002
2783754
10153418
28868062
21694381
16083640
27182694
14478694
232506
23747541
1710303
4276715
20788954
18875118
15790774
27387114
10009238
25332962
21142275
3401155
9831464
28475158
10991259
19503382
6320101
7230105
22783289
11880947
6969202
26873894
3362987
7884572
19788470
793805
2804431
16217070
24043992
20529879
1745189
7134345
21935518
19116937
5159825
11061323
15893429
9022979
16246466
5869744
19876110
6218540
21714137
11986223
29529625
19921359
1548789
2148178
22366238
8271507
5286421
20502828
9642398
27025282
16581186
22561347
19313188
16337276
2480951
1822170
2694100
9196706
29678766
7474431
10071931
20054953
12389310
23760097
15361053
13179800
1769992
28379811
19421150
807934
13680369
7894126
12141223
14106270
28315312
19324497
26687416
11896903
6040513
9047407
13891533
25753003
13300216
5738756
29517190
9642079
1275449
158971
6065796
24387296
11427578
19559901
26141616
25377850
16505964
25459484
27746763
22835093
7679255
277598
17566671
22508349
20800972
16687343
19797457
15597653
24346153
16744578
3160160
5175405
86779
9218959
15116241
4905861
23734002
28051566
7444800
1327973
12813317
25391868
3946473
6563026
19746928
15242136
20064302
14708236
3578307
22911075
20784271
25565268
13932690
17871653
14346282
3969087
626321
24098647
6545219
11395891
13596406
1670383
15967789
22031116
9123148
22212233
24928488
12960182
2252485
10374079
18193527
23112615
20566619
16495512
18145806
8542241
28102089
11859456
7926801
22908755
373561
9327888
27393218
28038391
20360161
5867724
27344919
12978626
1273862
4428162
5517441
27309712
15528329
14519254
19928543
23044463
9995666
5329974
2556377
8960194
24751662
14217566
2782597
5410201
2400357
28740582
20900559
2076629
23148075
21694480
7876899
5274129
23132429
8821171
11669845
9821572
17394606
8029695
7760600
16872956
9317585
9137329
1392134
17651860
1778965
23084453
9707383
22255921
13351421
26756905
18253344
24463756
18555349
8218151
19472623
10728533
773582
23845348
3767092
24734509
23184728
4859032
6024835
17882091
16370738
11566862
27487696
29223838
18684431
27986016
14372912
1496988
5791208
28505229
4609283
26902749
15154346
15934412
25444839
3690715
1156687
2981095
2881966
2694220
8122064
18873418
4012039
16848024
5406835
165317
7085465
8416997
5471026
11216583
11784760
12800628
16270568
23704537
14116840
28299136
4562553
11872034
2482499
4744134
11049038
7004605
14836973
18429008
23908753
11000055
1475640
7827998
17849428
2566963
20481340
9548838
2323157
24438041
25305684
6152961
4708871
15474489
14678660
4727598
2426852
13503465
7144382
16199436
22740254
18372438
18314528
4398345
12781028
13687813
23083966
9022919
798859
14392751
6370469
22719850
27688467
16606766
22727491
27667415
19677150
16312717
12736342
20084098
26285972
13112399
29057313
1752496
7780994
10289966
15390654
18457620
27151826
1587558
16438067
26789538
28097940
24814159
10827289
20382692
17613765
13923851
10209150
25228086
10290173
13123454
16337775
11256726
5425571
19442845
550732
1743797
29439608
2215771
8809275
16222877
24338633
18420818
19664173
15394137
20497423
18520059
19845802
28971744
9695427
28950299
7125128
27000101
1427437
6180611
28938584
11233807
15749907
5993169
13343288
15746284
23693063
4932205
26507608
26580438
15401432
14875450
12398138
8547770
17561184
13419813
20943893
7022696
22033851
23944525
3860422
18578225
17355354
20893464
11385399
4577051
15280554
41941
18778519
21455036
6185007
26238410
21695051
27656734
7711378
543772
29391706
18809429
18248487
5336469
12340734
20897727
18374891
23387725
17514748
5606543
17631746
1619827
15804787
2452085
253533
7300805
6885081
9839548
5189785
17229450
16021538
18188959
15426495
10832361
10322628
11487808
17981703
25272281
5071084
15866450
23291675
1099700
23012650
6542944
11381219
13200328
22593893
22084481
18700851
9684974
13243217
1994734
29881480
1444398
5662053
19950234
984646
14178624
16808535
27745871
10556303
21156670
22632578
12505267
24814956
9919459
18679716
338931
8525738
26193187
312782
14054312
17231508
21191285
22510104
12412796
18304764
24455342
22394641
22160004
25203644
21185374
13588181
6268846
14812764
24899345
24850869
17620513
24644835
4354300
22173425
21492661
16290178
998126
10868622
18608001
24159314
9124489
18203421
10270219
25730042
7502240
16112722
9364898
913452
24306901
21413114
25354025
14089223
10440991
5711750
24827148
9926192
27828078
14671999
9281788
19629171
10968279
21748820
5155166
9866275
18929013
28163916
8938823
26213957
7240302
520011
7343627
25176315
2609741
23811487
13299428
22240008
19424004
9851999
18626074
29867454
25706762
1107370
11064031
24661679
15557533
28963184
4032680
6489665
29409775
8989494
25667196
2522437
1286437
22588984
1698720
7268682
25128707
28136542
14157589
20930955
26542722
26641554
12673630
2240792
4042600
11400041
21564297
7822858
15163714
4331045
4383336
16257466
12647851
24720224
24761629
1915493
27016439
26297207
22261579
2434371
24985296
13373138
18555123
22733176
17219109
9646841
4422780
11588737
18646786
23964460
10724549
422787
13303957
128051
18792265
24674392
3648559
5784534
20277343
6700462
2653637
18052556
6894501
24570055
15189865
16495599
10071789
15090178
24031126
20389529
7228592
10283043
1869319
931366
20138402
10647920
7370206
13828058
6034656
13521488
23962685
19697060
10616101
23802031
21186145
16741691
12456423
10904449
25620581
23695342
22199676
10301289
28601915
27179759
28853259
1161599
24419047
8632353
13289708
2890068
12830433
19518015
13778677
14177918
1630912
25641635
25825555
12812172
28080650
19941614
5192072
5187966
14664852
10820760
7136324
12066077
1884369
10558638
22296655
7757267
21826763
5737894
6347805
7482550
7830355
26976693
8382517
13049613
14775261
8164531
19225131
25017945
10903075
9947686
9590561
7021772
2979242
17753052
24112758
3075976
21493401
23017784
19030140
27276108
26173350
11658068
1140952
2006439
7969381
17476498
16095645
1183054
20723637
10019642
3849057
8806866
21002956
21225003
5913769
14622270
3710773
11069807
7012387
24059328
14343541
16439293
12587807
13519923
15630271
29283483
22155799
26160185
6035137
11782796
6327943
10924394
11832813
22586816
19492015
28874376
25562987
9736959
6574399
1537806
19184445
9580420
4921435
15252307
12231983
23464095
4042919
24024902
26212731
18038218
7708838
15320738
24961749
11084369
25130599
6500585
12792691
17795266
1542395
28599065
9781738
16665591
22363560
8004844
27224186
28421060
29216802
15398182
28520769
1991785
14627953
2033613
21051533
19647504
25491762
2641786
23448753
11173693
3487053
10085779
9807067
21853107
29460260
4633126
24072733
9391678
1170188
17681854
15271137
2019189
29468183
945865
2455178
25582026
15889405
16006001
29711205
19303321
10743112
4239862
22638768
20315982
13420374
9474451
23211525
21574582
10174340
3452286
11650464
5906401
5237947
20052831
8188022
17610690
27169248
26197319
19008028
12464140
12464838
21874253
3644191
25627905
8625849
391181
17288103
1941070
29703819
18922885
22098999
14234456
13832282
29582086
24141382
5921758
9710590
13943723
25838337
6093136
28419645
7185906
3934964
16761654
11051947
11659173
10077297
14930724
19976216
23814122
20150431
21501868
22989604
20585667
1346456
29911895
9473996
20546721
21039828
9199158
2492732
14916776
21768114
20277176
24791897
27724650
15237340
9297156
3587709
11173810
8450495
4740404
21452283
18511753
15735999
3135791
4454269
25802748
14592720
18891147
4390046
11073946
20343712
10892403
6146308
11274128
28164380
6987857
19297653
8682090
24435380
23062493
807924
26424072
10514089
14743449
11417939
29703082
26626829
25070152
6856039
302536
14720513
16088932
19553973
18037275
8347271
16856217
11737185
20881341
20283246
3554171
22487143
16243733
9763933
2318940
3689380
26405671
1511018
3339132
20639222
13454751
865383
18911757
3164782
28058481
879316
1453490
25857082
29931740
13878487
20714584
5943776
18305951
11313127
14251429
2154038
24015086
29550247
20351710
3536679
3137685
13023386
7783170
18753098
2814288
8082558
18399714
6383275
29338850
21494178
26213173
14415550
5093046
3788211
12098456
16147705
11826403
17608435
28166428
17636973
17157265
15293239
22612490
25549327
16918939
22491377
20364554
10591707
6350473
20027608
23094620
26762371
15411213
1541751
6543720
7791795
7654285
14166599
1551220
10215274
8233679
6083241
14807497
20910597
23186949
25387546
4269371
191170
23562665
4988206
24309710
2378133
10377249
25546308
5215219
27808459
12773471
24634872
6809496
25408593
15962226
11325085
16041204
7998504
20165590
15658721
15259383
21737873
3731567
3595621
13155856
29307394
28624436
4335583
3778243
16694344
6304910
25141655
17200849
8841375
513446
5561733
24472604
5661552
14472349
10034256
24761797
26719142
21843463
24043655
27406907
23718473
544113
7339395
601715
22571284
6097294
17136288
4514008
26403697
9903963
4911431
1706625
18185939
69457
28763653
19317724
20355299
27436333
7844970
16135196
15360606
29482756
22176785
5261842
29816892
23437243
16013100
1054875
4228376
13280092
11309800
28727787
20436057
17569476
8660259
21520192
22547523
28186573
26382782
13546565
3002494
16574030
4184088
21080694
15693976
19730257
258376
12703507
27539856
10242320
19388568
21147199
24207671
21085032
4512633
759422
15485288
12416602
8701211
17206055
9821632
20064765
17780362
24252393
8497831
12430416
23419913
3964915
8250160
9321593
25830097
14226291
29139684
13873020
20103240
29882596
21647917
11247671
25838890
8080700
11831268
29332544
2444178
9000619
1997886
23746013
7421715
13794198
25048177
10574732
16625673
13806316
27563024
17878706
20025435
23714416
6766920
23237379
22269575
18995572
14226464
9177580
7759845
2297567
825138
12854840
1535493
3625238
17156310
2782110
9730070
7116913
10165528
348554
23263050
29165473
9603544
14936941
5636138
27882620
22634439
23091402
19196036
24038316
15739823
904586
9262390
7611090
8499054
9125885
21800345
14989532
7267667
15797886
13697581
15747000
15998754
1267876
11870833
18433464
24622454
29517732
18760150
15923889
12068857
14977236
27819226
8371835
14092024
15184964
9348659
28253189
3265895
3058268
14204734
2048767
26136800
593431
2995205
26976076
29914851
21063873
2818434
27555613
20357601
6487696
16772417
8738508
7894331
8947143
19557742
11132178
28066513
5034690
2872513
29126863
3220248
8668272
26494113
4625346
2091366
12333980
23013375
20831381
9062399
886990
26947115
8467040
12926938
14354629
24409275
28446722
29975385
1290841
23816089
14327287
8557118
19614964
13197414
14735947
21826069
3380572
10768973
3182337
5995444
11079537
304910
13821575
15682068
10693727
11063417
596078
26386040
13080969
7617707
3201159
18333417
23027963
27653545
10815383
7057545
5655354
26681793
20947065
27186528
18513891
15080873
21723269
15423208
7778158
16318436
21342537
23002557
25212658
22709809
1104336
6460541
26816035
12728532
5763277
11804359
29187181
8977325
7597303
19164696
27614213
527010
26205774
10938714
202557
6404000
10603508
19032090
28429215
20377395
8790156
14935901
16720517
22923242
16618876
27846841
23770039
21752603
13690486
27584576
7230799
6394870
25342269
1571710
3752782
18738329
2876486
26860241
28152573
5091358
17601586
1012176
20139385
10524475
12531143
29788179
15252037
29139785
28408516
24476314
9200496
16530039
28671952
3149380
3927028
431016
25304529
14402424
4273037
11809945
11126523
6528666
23488182
4550005
4330325
6982612
7755810
8828187
23303540
20517608
25988898
8857572
16893102
26013237
16188390
18508002
29766624
9485100
4762734
16072557
24286328
10755339
16318315
21346123
25796384
12163777
22379645
2781138
17829239
27845411
11798332
18065889
17840519
14473291
24485364
405917
25564617
21866880
24882615
10311038
14210810
8202566
12587536
12914286
22559482
16734625
4783044
17043775
8546359
13556231
29813611
22212073
12229919
4595216
16237325
8792789
27642585
6064751
18774043
2343457
12347961
23636637
22082804
25572377
1360894
17505091
10860304
23940046
1654914
21477182
4883900
15587146
9765157
6512971
22742072
25486942
18710684
25728165
5346846
11602584
28080689
23029995
9974242
13038132
9211776
1812889
17496075
6307814
22943086
18079030
19183986
15301468
5557675
11287021
7059920
28537708
20432584
11709833
12859410
10898751
9803461
8593852
8875576
11701131
18937904
24421784
2099852
28103478
4819671
28577865
15025064
1322223
10467987
12768527
27805710
5975255
13500122
18969856
13250238
23702733
26685998
15109276
10137221
12575534
2700438
8680966
27107766
10182401
811175
4188380
4909671
21220128
7031097
16777258
3267683
11822477
114143
8150013
19337191
21192980
8618399
2099847
6560729
22496407
29580023
27056943
25873317
5710804
26751536
29898766
22842692
8609793
10602558
1633266
22644781
7964340
9592222
6029573
9863697
20380781
23170002
11456544
19214369
2531546
6330284
3334412
21896601
5573871
25391318
17060354
8177062
11216597
2641546
22071279
15168997
15688918
21059732
15970106
12651316
899689
24843598
10573013
28255456
18589932
27515332
7443652
13429550
27853837
16200816
14086941
24924702
6685629
18853215
24014050
1262736
12735097
2784938
3673262
17726777
16129618
11620769
18293368
11153990
16481463
24268122
22711383
27527398
28323026
12839406
29499583
27166818
23095658
23844089
25105032
5682576
24483723
15792521
4903151
18215206
19333470
10228194
22340464
14613182
22071764
24171436
10138546
26785020
20697803
21504352
8560857
24374379
1487214
18856568
9424970
2080013
8553557
6954420
26892714
17064219
24212242
6370710
25359140
2253960
22104732
6320480
2317377
8394943
16667691
27407009
20437239
15525286
12916090
6416221
20144929
17443678
26284642
16257829
16313944
5083943
21538064
3418336
771725
13139938
15826507
19121711
19756966
9239694
8951819
17511506
10420941
15592952
15244457
23141352
500323
18540427
10521354
19237550
29944793
2422905
6002042
2496223
15231984
956853
12344940
19887620
5235192
3321038
26529645
929328
26281751
16064100
8663319
22673995
11764613
15959431
23642775
25746094
19782130
14301603
15655891
2133135
19516227
23462986
288885
10965817
7616915
28946517
15087841
13207211
15190507
20208091
8010184
4131445
6987402
19938677
22764956
3935298
6236381
22045885
7571038
23449057
4720443
20560714
23279045
29622043
14012465
5970932
27543325
9685102
4430127
9478277
14385003
12231408
15330948
15651064
21475426
4877717
8316994
13979378
17464287
17628411
1058625
11662776
19529944
13266106
2287533
24039820
19540138
22795614
11776332
578418
22777465
2930591
19056868
9630257
9423919
3632771
13424934
15693484
6487111
24800217
1957636
25750923
25094986
4283985
25331983
21761882
7663773
7561859
22981761
2591763
17321115
1332265
589931
28997427
3374289
10674075
22565062
9113779
21062136
22311910
10818351
10451866
1716710
13373229
19391192
26210467
4954419
15399712
11533640
525307
1545943
25079910
13414128
15343097
27274107
18725653
13454054
13247891
15348384
14665483
23337327
3531439
21318324
12273072
28103938
13849204
28838569
2486640
4044685
13929977
6832063
5059407
15465242
18280014
25173695
3940915
1837940
12529975
12545514
20459151
21933134
12071291
14951545
19824148
29267020
8134901
7587275
11422055
14697045
17931376
25865988
12119985
10379930
3125027
2507300
20595556
27924033
13871586
25783624
21503759
15526996
20548279
8182197
17643687
11692356
19032229
17339452
22661056
6525330
17844134
12425316
309060
6532386
23068824
20252973
23966598
28950590
17703817
21932310
19071150
24287429
11264267
28394012
6859832
16759025
26090535
9576172
26365501
15795237
16153346
7785237
11491744
14900836
3270503
17985053
20311801
29167215
6431639
26261578
6503403
22065193
18477565
20504218
24525802
28296177
25560656
19018152
26886670
28632276
29571719
21527845
9334058
21456639
27024653
20996368
24262785
8367641
26313916
24972345
4732356
9725881
4736343
16466631
28441558
9005541
22026603
15085919
19071234
12091003
14452712
26162392
13353994
13966718
13236414
5257447
24910161
9431965
25726925
5874831
19780907
18683423
29285283
19142485
2871133
8410109
25614881
14189251
29361269
22289544
11743588
23356569
457941
21716328
23039312
4542250
21645113
28447668
3691537
26248740
6402715
21095507
18928221
11410103
19387718
14525654
6620242
17827085
18959459
216291
1192570
18844175
19196547
14000886
1398628
29318207
19430063
6288642
1101995
10435178
21426891
24253548
4366024
178790
93752
17456998
18832617
10091722
28523887
13529200
2697445
28942461
18078520
1591501
15041567
12609203
16193556
16563592
5284949
15419413
16371017
8687163
17059561
27090920
14962714
2027624
1017229
13276202
10414123
19453389
10250228
22916
5979069
3910594
15656353
10744703
11468606
15384268
16318109
1316651
27384163
27228021
5375354
12810988
13789934
14556566
29027676
12177241
21890553
17378966
11055029
20892184
22489447
16192053
25533582
23575760
8548913
1814556
8220095
7291915
10453589
19156714
6565727
25927854
26802042
12162112
2247770
2712265
3428025
24577790
23028064
8103994
18243215
11326848
22718117
6597686
25379635
6579766
26464903
22575228
6133741
29755556
12760726
15255169
13220806
19036512
15324391
17467194
16443557
11481348
11326288
16363561
1134881
27541756
14140478
1914652
6199574
28399721
25214500
21407714
18881380
24457394
6867107
21696198
11653735
26000746
22351144
24592110
5016651
20582791
4245177
3200901
10971923
27124523
29789589
16549279
23678577
26108617
28099933
21414645
20047250
26416371
7436776
13377489
4987978
10338146
17606357
3610319
11258241
8421840
11230969
20910825
5561356
24238680
16057884
24593404
20306285
2393683
28757827
14784105
29815476
11455105
21179199
22933617
9364182
24537321
24455267
887703
14200336
11600217
23201221
29806487
13430350
18984056
3383578
8080255
19816172
5970151
27298266
27357141
7990686
7347495
14091154
22935855
25853095
10326769
767776
20489646
24696913
13010732
10717703
12434963
16961087
10408908
17063898
10948392
1571590
19883179
1765903
22634404
25538399
1521640
13275386
2316019
23155939
16075993
27527192
3429875
28455457
14907383
2181240
14171372
4346628
14098965
7543233
10586094
16868503
6935508
9230560
25748889
3156889
7797760
2250624
21375025
16432058
28842967
3078270
22699003
29443683
17943320
2055157
1033340
24069689
795954
6184823
12872695
24635555
3667021
11632236
3957701
9194780
28067212
2290598
3426481
2091472
8547402
24426280
12131813
3702998
3501797
13134168
13600892
1291885
2486941
28899697
6461751
25897100
3013189
3936455
29936398
12872647
381160
2479322
6386076
14422108
10313467
24206535
16308560
7133033
8063213
4523788
10903157
496995
1688608
27167629
9651381
3027735
20749642
16153750
29661006
18199189
9809345
4561393
21124880
29278415
7069394
11247875
13563312
28075758
23199185
24039396
29972760
3097979
7145641
11157554
15581359
8978094
8331396
7162493
7745958
16493347
28356442
28394599
24342796
1914822
14031486
20455389
19886061
27544013
4222818
21115435
21811410
4975812
29999672
19634986
16428287
5567318
11842582
25364545
9731275
3253741
15783892
4538205
7488703
18209148
566465
3978568
18450005
12094993
3004976
12666594
23146038
15503786
25793613
20809748
29014969
20211692
12562406
9700108
21176211
13747698
15797950
11798839
19515405
21147477
19129259
17638616
18687989
18496878
10229616
12080887
3165754
16534886
11429295
21089174
22284705
13471531
11526030
1566334
29205646
9893101
123041
2074316
7875828
11762214
23319259
18310152
13134545
8957421
19006116
17719974
12474585
3547372
22111758
25564924
6280205
9270787
7346223
4010860
26469968
332320
14980353
21561576
9607100
7743619
650792
7120763
5202277
8695451
7911409
6458016
20199292
23695240
10752034
23182013
20920924
15881624
15164546
22479140
19161085
19339939
22920620
20318951
20934386
1311422
12905376
443275
20651098
9490775
10828261
9023139
16574926
3552018
2789897
19655519
24469432
16852328
10364789
1058225
9802122
1446727
9076006
24857537
9083642
3906553
19582883
24202633
28156212
27832027
4328142
25158704
7514499
4441459
11135835
1354716
19652824
10992910
3848699
9009219
4422674
26343208
29197286
760341
25660496
14472838
20317950
8189060
29201366
6659371
12698437
5298916
29407720
20704279
18328796
25417710
20117671
15001000
4287743
23451899
11007212
11473889
4020650
27612538
25618601
8496432
4470077
9271630
7834436
14248358
25584127
6074889
5382586
4995793
1899423
14007492
14234362
21330875
9826885
19626908
13250332
17745582
13122477
27664285
14508669
22694899
8748508
29845035
5265449
28857415
17988876
28465742
1444529
14525038
16019872
15399504
11714092
12213523
568359
27672535
11028300
16424407
27854626
26116770
22281381
6749395
9960381
6352051
8813421
16752102
21361703
17849537
26119233
11670253
11447496
13327345
3910540
11659053
805325
12182264
28891587
29505038
2831452
18269305
26350920
25754399
5308674
25539275
13092810
527750
10075485
4277432
2105043
6037269
12442263
17891304
11643282
16498847
22073421
25986707
4605623
9825350
5880929
28087238
3574133
26314457
969665
25207829
26689515
5379357
18606493
14929201
21550473
20926816
24577497
8976895
9699987
4663875
20109591
20702807
10638227
6740472
6361401
19192298
20583569
17003860
4533123
720452
14696852
22967397
20981308
21565544
4662802
27114950
17752851
23182533
23625152
14739085
16166377
26242950
21792632
11929182
14760019
12598401
5786212
10723461
9292865
2318637
9348334
9613709
9121974
7860693
1152309
2212869
27218389
25782433
11635566
29270243
22692170
20186285
28898803
52938
15140410
22607054
20229699
10663930
22321494
19913097
17018774
9498381
24663302
25995390
20062286
4140787
6936202
8617768
8679315
28674702
16338380
19096823
27038879
1493341
29801397
18688841
13487064
29868966
17514709
23558327
28929588
19803081
6202860
16740152
20691186
10712466
16882185
21649082
19474668
11690088
27146529
2738550
3941885
19735022
28587765
3206563
9480837
26285448
24270474
11705118
11534173
1186107
4254174
16515000
11870827
17955667
12559990
3997489
25646971
24526150
12689457
2911340
23004648
5176700
17729651
13973876
967706
15130760
14259081
16433658
6753394
13069770
1587152
8347329
12660333
20169903
28670479
29752388
7126054
9477248
21153714
9253475
26060068
28101432
17426969
12368684
22543721
8906174
7880487
14277334
10151359
996634
29248882
19446875
28671179
13333958
28059433
29925731
4966496
29747383
13490811
16437878
9504529
2805939
22320783
1569310
16873338
20240594
824214
28012938
26581613
12142298
3069611
2123416
15252862
14845041
2209926
15939631
16114675
12269477
27046677
13137234
26621230
20943852
5201227
20572115
19766310
13300792
16390348
849707
8207625
10539123
23624551
28501559
29732272
15279454
10588492
20935422
10717603
25891095
29960236
8765490
27756588
8879648
11320804
10226444
6646057
8748977
21912110
14355704
11037776
28740031
23876637
7805488
28410125
8841824
19210995
28248072
13259964
28273801
19578374
19052232
4600369
9827525
29765600
7206183
28933597
1820429
15371802
2367716
14878929
8352168
29058353
15824356
1086109
4065161
20348170
4594613
23103558
29654639
5054497
5578929
8900689
3428150
26076586
4099808
24000281
14871013
29255273
24855508
5148247
28540149
28761158
14240392
24659060
1146729
19958967
24615617
21505906
19446875
11947380
20917978
19525392
4931453
11310206
19402025
27525578
23543015
4450983
4696792
27404769
24684409
14840218
16864720
18228258
6893400
21749632
10183684
29129373
24701301
4540910
4712023
7931448
21157819
4609833
12014223
20318572
14761271
9036600
22048250
7417652
23289803
16322722
10583263
16382047
8142847
19522442
3309895
23271431
10794182
25761473
11401940
15611210
7181582
20710715
16197838
23617657
15011403
27922149
28549973
17599125
19266330
17987523
5202841
29323510
7150491
19465264
2650480
22518260
18731142
4185663
23133991
20741165
879922
18968538
4717177
25351681
16846886
29678412
26398909
7253958
15128126
4283452
11556586
11200345
14115125
26264473
7388832
6417629
20807064
22423377
25406212
20866282
19566929
7622772
2543335
9427472
23791062
1697236
21974403
4191860
9257755
15141639
25296091
19018690
22920961
13212496
7950469
12554461
6180153
27076867
7283854
17570721
23866459
18726332
25849203
17818846
1164635
17338063
17756924
28989475
15695044
789902
16079509
22701053
20765308
11041823
6880070
23212374
24619252
11728104
21535769
19076676
2261191
19764483
6106411
5801607
3989098
13364984
3387680
4708717
16705592
25765250
26081175
14123846
22430092
29602615
22379619
26155402
21105555
18690874
14023716
20689501
2247087
4084957
10105700
20549019
13374081
5032696
29977199
12968901
21293431
27637786
17119023
13101308
24209980
9103123
21883603
28430495
12562488
1200194
27084952
27953651
28417572
25217018
27261203
26170526
26293230
27756208
17383799
27637026
7221620
20551026
13494825
19564942
28214149
10528011
11130415
4808998
19097048
8489358
849419
4420907
20611599
3584521
9015603
27117309
20635937
2590152
12042364
8698423
13184390
22118504
4012859
11226605
17515031
19566683
15141396
23335273
16981124
29292347
23506776
12599478
13787575
21390171
25635038
1972398
6825324
15496611
10602633
18473421
25149320
18612977
5079991
7815662
9053808
7990704
12461026
12131930
29279803
20828513
20955787
17512436
25210115
172252
11888087
6065395
15551488
13269490
14324262
11310247
3181245
2636682
16756575
28415982
2135779
13832187
29071156
12074967
2693291
7793626
29012318
19888886
18235180
9005330
13760918
7158044
27276910
24344318
17069120
12692485
27445102
22970587
29428647
5808615
21178370
20899056
24350058
2039226
29138474
27407946
5355966
23820960
17155626
26792453
8044183
4966908
511514
3913097
2816178
15324946
26132573
12767524
24543050
12372415
25803923
24068725
5615863
27170179
1341408
9926000
23115174
11049114
18231427
23686737
27214784
3969135
29188885
537961
25263826
26026014
5833282
11611340
19178200
4309812
18604419
27587585
10720495
13552488
28276155
25613881
20012387
21061940
20553524
4425704
13737773
18294095
24084820
6840457
27384765
17454932
10364293
22361131
20502657
24923029
13004029
4328143
21335378
10403446
15316114
8645400
15199039
3911489
14810267
26117964
11378299
25293395
7077345
12280411
4345038
1281830
26316252
18403468
19329806
1302824
22924964
7424166
29805763
9404251
8627374
7660905
44283
5141083
27477281
5842334
5777084
4191453
28397287
21053122
1704623
5446929
28405275
7402106
17576538
8682133
9095202
21082377
29883077
24792073
15140415
26180029
11324171
5450697
2278082
21216496
13972268
23241865
18356677
13678294
9499350
14371352
7404730
26061303
2032530
11331477
2217724
2849397
20370596
18105457
18086075
26139695
8421059
259640
9526682
23357332
25597450
405841
26206412
5462516
24004054
10664847
437363
22016699
7801551
10890
28083728
13204840
4082198
24457876
27595835
29051641
7327559
25638584
5164937
5686519
1196724
22856284
29956798
7231960
22606969
23722579
18571171
22182335
1273826
27891652
17454825
17757210
27241663
29339831
11495237
8602659
22187168
2924832
7963971
8520558
13149984
14953933
21854869
26041255
384395
14557964
12985008
2305346
18737270
10470696
29625052
25168448
1198317
28404786
12515877
22321668
9387401
8073558
29820513
23405387
8183119
19872970
16923779
10623746
11367778
21482047
24304486
21859906
22888459
16839821
22067918
4240434
16204519
20159490
5795302
29357203
3207942
14714693
5292116
7954835
29886711
10676392
23570084
26712931
18557576
17445040
10794555
12484915
8940264
20767295
19776635
21009833
17714900
2742450
23158490
21440697
23196498
2106128
20182940
18852160
11126893
18985229
7339042
9221118
7166026
119960
24579624
26543443
21024760
10935617
15222699
26682563
5185918
17002263
4362472
22572267
14550992
17041523
8205280
25403535
14875393
15788657
3609522
10818492
22786888
9022397
25060490
28429305
25291415
16186184
15489715
14836836
597421
25045796
7025856
549390
23998313
10485310
5777906
18539164
24523580
28935026
1304742
5736843
3677996
9354808
10231096
994449
9461012
5518218
23943655
26178720
21268034
26658918
3016768
15194571
6475985
24068916
8690038
15496096
12200222
28667860
1889824
6007555
3080655
13922882
18597953
21709626
19039517
18125087
20809819
15951085
8687051
17339626
18789524
25880025
1223349
16640569
28894812
20777826
28006718
18290317
13494474
11432134
5650145
12710008
1756503
23167155
19725361
9669002
26633241
9400083
11286737
1648606
29483465
8623251
25549920
22268776
23436726
10717473
9940269
15009068
11884216
27396452
4814178
13178317
9090168
16220680
313204
22847211
20607583
223316
22525729
7437260
20239355
21819444
22657827
28855797
20740600
16916607
13784248
7827590
15233392
13287650
18604571
13396459
3943616
17356361
23145677
25805507
13764347
22527063
18966039
5348499
29173612
21623912
10619470
4117567
2226180
10878960
19769895
2337001
8791163
3412556
8567742
25778576
19893309
28167762
20944936
15842725
6788751
17879046
7729063
19406196
5080314
15176572
17451094
16438569
16397213
25521804
21391699
8107026
28117889
18964048
23746717
1905023
3236554
14969581
22716715
11043029
24862216
12552318
4030633
27297187
18167566
15726276
3177466
7239914
851214
14769851
2870436
11499407
25815213
19956779
840826
29252513
19590667
12740983
8075853
26674764
13458999
3919029
4784008
19043606
1049846
23458680
24301648
24078320
9191624
21326811
15897328
21671283
15429300
22387649
16083384
4200843
20423994
8831944
16393173
7964945
28036894
24247880
1494377
15759916
21645331
19759332
1054251
15265768
25031457
27916778
18679413
7682028
27338396
5014410
19243354
12312545
27082377
24777837
26814441
21801105
21887134
10236599
17386263
1917042
11553917
11573825
7226606
20926596
45900
17923440
14125907
11226942
11420849
972616
12329324
17837112
11671956
25769959
13981328
29531691
7397415
3198976
11280965
2065853
5276833
24742134
10273418
9569145
27745133
23651752
9281932
24047681
29439263
5673761
2457451
23501566
19375481
9990238
6014766
1673311
24412073
27868443
19188455
15316578
13967764
11982743
12532611
21666921
27398613
17786842
13263280
14395225
16541602
20199359
29246687
18541071
27045459
27126581
15845878
14445376
9277881
5276657
24067722
1575901
6496937
945407
15571912
5314431
20982176
1579797
15592355
18931445
23414846
25416899
15856005
21805218
5308184
1622176
11759488
18212666
20694635
2774418
20435613
18237709
2002686
11519845
12541510
16000639
12126973
25294103
19665949
4669189
29008153
22125552
2434107
23724948
14438773
4615836
25551993
23440230
16754061
17722250
22328535
9479054
21554739
7058964
10130152
28331930
3881762
25755796
260596
23269438
7964408
11016572
23951821
16768115
26975263
20791612
2653315
22457189
20733537
7143492
2819198
8353726
26348496
29725199
24054036
2406373
26400932
24062492
21625617
18480668
3153554
3578303
20764975
21512677
8289189
14044041
381889
9798271
11547956
6435507
7002741
6092641
704126
4861417
28876604
9825964
20339854
12682767
12578411
2567641
7024773
102347
11327301
24150750
29374044
12011836
28205861
4736439
4182463
24527361
656593
9929899
6236069
6989315
3056255
28765627
28100472
21497901
14062977
8389828
26039343
15795046
8118905
3840082
6071539
20920889
1138224
12337344
8872667
12403143
14986612
12329288
22463723
10903221
29451205
9293581
3861588
6080115
7708545
22278826
6175644
11596417
16032178
2433644
1397096
23680241
23927428
4885218
17187132
24287333
16634896
22462282
18360761
25828616
7667921
25656645
24529969
11533647
12376560
24220865
4655385
4823870
2537827
25770845
16073288
9078407
416392
6933214
14659134
19844556
29276657
24183028
11763551
16592983
12846747
9544130
4097653
21814239
12580699
18812098
22144720
26706683
25990230
6283011
20479630
21154065
26422605
17787047
24810301
24909676
16228210
8023844
1753088
3818582
7992299
16516317
15360622
2652974
12545276
16444953
9308903
23745720
6872005
4527616
16515477
8767816
4525559
13489467
11858053
15600457
15798763
891124
20347316
19370557
904177
4027933
17650240
13392096
4960318
19686051
9068600
1776243
669255
3819667
2017541
2789001
507181
17185956
1869269
17838755
11982129
27889287
23470131
20196538
27759122
19778412
13532559
22968362
7464002
6701251
27477435
23876278
13819275
4340402
29941502
6507342
32404
8463122
9285922
15209118
21476448
11836097
18876851
6824810
11177040
20688071
18621331
5227641
10580988
28322596
21976566
16339837
15365128
29538947
17840895
12083194
29066076
15120637
18157931
11945472
29768678
19600400
28172630
17510906
21086204
3577694
3681909
26043938
14911786
16327155
621354
2431894
4009498
13110334
7443103
24852961
9731898
2027667
28590156
19289253
18603165
7797015
9134568
27258686
4061289
19420781
8377948
29373552
3615663
15665025
14224658
17073352
17298765
25603761
12444200
19905242
22514529
1013254
14451422
2734616
15942725
12782507
18362988
23102681
12400885
114279
25595524
12867992
27581193
16236630
22769042
28520331
16265243
3450870
14651634
15836886
10923736
4950841
7485328
19210109
18977272
26190914
17236115
15433414
10978336
12182206
18906634
2425411
5917182
10715750
21869106
8639211
8322325
9003455
1011313
28613046
20837948
19964928
24695130
28398513
17306843
10804424
21294494
10223395
18415343
13708095
20229048
8135767
25981036
10085239
13792344
19408615
11909088
17180880
9341984
15576018
10214779
5782529
27801526
10509918
3025877
10802069
6268641
18535110
27677658
20217848
10360713
28124279
29977079
21007884
15624111
2584259
17071786
6456129
16525878
10805610
4879005
3062025
22286365
18083573
24153653
15878375
11199684
13013288
10487287
25999246
8367071
27037818
3295705
9835393
3915695
5979228
28554929
4159325
27546884
26127843
18021336
16692016
1807192
9123288
25829988
16080023
19088590
5391961
20759745
21379233
8488092
17998935
4692727
6337082
11171787
17331906
19118985
12114551
15848743
21674659
2541602
12281027
29665637
14852343
6554790
5095241
16274007
4298934
14960365
11750858
1055817
26992087
25084754
12980479
17360574
2885788
28911047
9876330
6607694
2355803
11086076
14961261
14595070
2005481
12527133
5185438
1841971
14444232
7804345
24059924
11791601
10783050
21044674
1680009
8623060
21318574
22541639
26521924
18251258
20660127
25289037
2932224
3915862
15485064
4710346
10496496
28847889
432996
17471007
19419592
188482
1969188
29607173
19822471
7544101
4459746
17837959
3195185
16156171
24117198
15457419
20936597
10851760
25501909
17315781
22046
25901124
5411856
16147285
10030278
18131346
4636609
3956307
24207965
17453222
23922109
11537279
21027778
5057310
10370897
8652047
29671539
15375982
1427991
27534321
5528273
7304911
11682466
21917888
12589968
21990722
5589987
8556239
9169192
27706541
4354689
6523980
8718221
9527626
5183442
4666535
12488199
13964870
16468639
24365493
19849548
12304805
3290856
28729282
24554774
21104026
12515588
7738370
27958285
5873317
11173771
17954732
5552496
19368677
20224420
22189751
15257989
27040980
21379851
20442948
24168972
3114552
2068579
21618327
7570303
27704695
15714796
2940096
18419182
25983710
23735655
17410541
6362767
11911305
11870484
3329301
27515389
21363166
14136385
24837856
18840339
20149143
16975513
15960804
21203462
7573704
17018526
28474930
18095792
23779782
14671092
24968381
29636925
20997182
1819213
358423
12271571
873266
22347040
29574677
23299542
23665623
10371159
7982948
14152086
21876597
23884934
25916980
27289882
7341238
29552397
19172028
12624557
9594706
13138885
9614045
22346408
8562686
16384111
12906867
5440442
1174889
9843848
10627401
820498
25801404
1045627
4489467
27498411
19986166
11639003
29651987
19813110
5208194
3891491
16125145
22034531
20409186
27391926
14408756
10643703
19750732
22194233
10385057
5865539
19916511
6681458
17032237
6813149
22489271
9526720
17733035
11715972
4769421
8421727
24089922
6889934
25940567
4657218
4976340
23622944
28117761
15058944
3006438
18919006
10816135
1281338
27812637
7139218
19619941
21910743
28352649
27831134
22042057
24409543
29680741
8113544
12859774
4230693
29936123
16128022
5764357
3577967
12598593
5340256
6108460
29459591
23719659
10407588
11410437
17659793
17616462
21239537
17427669
10371906
6635692
4433115
20383086
24293704
18811456
5113839
6295659
19077311
24083118
2717981
25316049
12283210
6649861
21670432
26406129
15927903
18194788
27937327
2348641
93533
26857847
19887652
23284228
11476572
28837802
15582999
23338611
15424245
14545969
7024514
2047502
9765805
1584063
4253854
1938865
15881491
10266801
24769926
11378585
7932504
15722007
15740796
7534023
1534516
17120184
29616977
26484507
2215202
27593067
23239744
15015699
18813624
8063453
12554752
24250577
23445899
3459320
29728446
22968892
21251842
24911003
619569
10279736
25245203
16552331
22245936
8054351
6805957
14975190
10447481
19376129
17335372
12809235
26678486
19941365
18655467
17862090
399162
22088462
2608278
24921724
4776040
20389616
19147866
22606709
10807353
3684906
24184239
8188838
1223139
12541277
20151212
3814962
3206737
20407647
24262907
15755025
26142277
590012
8681833
16804535
2420790
21445000
11092944
23599161
12408924
14299043
27435341
12152981
2460528
23157340
28776119
3117580
6048584
9819861
8775984
18737778
18110862
4979580
27069540
26529497
1798579
20986124
15118243
29971554
16445706
13042204
2274708
5344115
25016966
2324326
18510609
6221748
22990576
28953958
24557670
18038590
27689227
21231838
6392168
16916929
6870958
15570753
490183
27512228
3421433
19880235
9788740
21217731
4505512
7959668
19750910
11675997
12851598
6686308
2390233
7106553
1676843
11581258
24802475
14237141
25992373
6841820
15494125
11358400
8340296
28735861
20753237
1489019
19066481
24870669
7891749
11226420
4992617
16977231
13151718
24778185
25100141
10278962
26794303
23015483
24860032
8269734
9724345
9117311
14907035
8128456
16989499
24907707
15497828
1896560
14262807
495323
21377004
25309703
4041645
15386501
28507542
2807972
25765726
16064436
19122906
14912363
7483990
20965176
13919138
21513041
17302302
21025774
1245275
13754081
6001935
24288758
27583483
7820903
2140214
15754093
17243057
18156322
11988827
734185
7332165
18076828
22456468
16933165
2698501
21810476
8870738
1808579
8745592
26797489
17292755
14413890
15329634
11450775
18633683
2647472
27726988
5965806
3130742
26556514
13277480
9563400
24130756
12790204
1541325
15897840
4488938
28767405
23717593
25156583
13021001
27207945
8396905
24019732
21643873
27057446
18639614
17335938
10188704
21433867
10232816
6422346
17293188
17839944
6496242
3250707
4809102
18996948
14309295
1270447
4610143
567603
26360007
9393605
7324594
8276696
24842462
14897318
6096444
9462701
28465569
9473295
28361159
14482822
16239632
24137350
11424659
20449066
2200743
6114618
1829595
28880245
4919682
12814358
21729990
27790644
20051261
10684284
23724029
2380343
1999891
22960820
13941661
13339767
18387525
2564881
7176658
26047824
14343283
11118107
12704097
18419402
23510017
12079070
1931716
26660409
4551547
25630293
17626406
9838755
23954976
9840798
19902143
29206528
3211733
26354822
22356757
21968542
28908741
2730697
23389823
10029435
13000343
19169646
25448019
9634988
13831785
17499524
19010740
16634879
10842173
1162703
29463552
28191843
16752031
1427166
16490479
14118968
13214142
15155241
22440163
6844454
28632419
7145305
13910614
11519362
70175
28949212
7024962
29551888
13674467
19304467
5187739
9373832
11732432
16986126
9208448
1577210
21612305
11147922
21108930
23286340
28968593
12279531
18888979
10426698
5209748
3346816
9649939
29465107
18450850
1784936
10549812
29966009
12402525
21780303
1643485
4338974
2690076
12654051
22434917
1106189
10672325
1499859
11701667
4980538
828850
20761591
20405842
12110372
8746373
1004446
25581317
25161995
10996050
10351181
9593367
14481149
25182669
2292748
11819177
17430004
27205554
26524889
29668250
23252993
22207017
936819
24248365
28046667
26726542
18649679
12975851
19898217
22934838
10633407
23224250
18289332
6799711
15902933
106458
14909989
17904396
7155267
23362048
19216335
12792602
6306530
3598413
5195787
3612628
18573469
25985743
23393020
25813108
6746621
11483194
6117419
3731333
26248789
10970721
22571445
878149
6253907
8096326
23290298
26932737
12346040
16685164
19130082
2517592
5373970
21971076
20348047
18725899
1712334
19687624
13909278
24281259
27865000
20714044
4851482
27971128
8804784
23406445
11607072
26542572
13863163
10375891
22167579
10372875
19068822
1013623
18735641
1928851
65194
27365909
3711108
15665476
16971194
448455
22302958
11166292
6563979
4519444
28215307
3235613
18647561
24054221
27463381
8863034
23176633
13525325
12927513
18894411
790874
2151421
21514182
20792680
16047514
18041129
4583271
26057435
27940074
24944788
22520161
6659079
25219634
26714543
6415361
13240787
1464865
4548950
17601754
14799892
1071592
21877305
24765592
5816814
29255192
2236611
22837522
29856354
18235840
28912194
16299424
10929081
12975481
2564082
21310774
9897907
15633142
18045758
6956653
15606138
387816
29995728
21599944
1946173
12102944
22637957
714224
12639688
28646425
22789320
13673959
1633008
14924608
6329207
8397653
28802027
13907316
6872572
18019117
21330732
22145749
9827180
29987333
17216852
821981
9220050
3772659
8801390
24000980
25922102
2604841
26294449
11676750
16104625
2922454
12246371
15056838
25692107
10746491
9019404
2950396
24375636
24274017
22323212
1410088
12681119
6388178
2545051
11603272
7046388
20759106
27621874
6929156
989183
15577711
2999559
4295956
2776452
18798859
22725299
6634946
24420231
16385189
26211649
17976177
29693247
8531823
10306281
29052366
26485228
14605623
8600339
24256110
16385543
23083302
14344662
20837828
8160470
15912824
380739
12848285
23768436
4664267
18939068
11822571
12034634
1649351
5434513
10760430
24024398
27979709
19847
5662876
14273455
15572866
8157619
4505417
13500316
23318334
23893650
15211090
6543401
17720697
18238421
17446367
11253877
16534260
19397207
15665829
12884809
29131502
14228879
18815282
29630673
24249214
17217817
21627088
18889602
12920550
10464249
12949136
18013035
7251968
25249800
4487391
16491726
29859562
11311055
29176588
26304201
22458705
9672990
2853457
19526169
13994492
21355098
24509867
8748761
14253081
10441951
20945052
1069561
10413847
25244565
22489806
22026584
9275466
26394761
18890520
21434277
29768775
25864764
4570877
9694006
14517796
28832293
28502786
15164978
7464300
19095277
18989886
9317854
26599618
2123862
18091458
22642858
13676850
9399721
2109821
24524840
924789
2579885
17886103
3190032
12365852
24970036
3197524
1518507
10557999
21084699
22745136
23133761
7561431
28811905
20263917
16249740
26759669
2384773
6095272
21963023
19345914
8755875
11895043
12627212
5727681
20228239
16240178
13529709
17188163
16677505
25961305
3453815
27467659
17758933
25056805
7577776
9813094
13954621
11551814
3812719
18675851
15148014
18653528
26577859
19485925
3934745
28395207
10542512
24109466
8811947
12521977
2432400
8485044
7789643
2698089
245923
5055698
8448016
1572298
14844834
2291484
29342422
23899928
28659388
6181990
7499236
6292329
23764179
25697783
9678616
20771810
9589936
27272895
2814884
17790019
27997583
21204270
21187953
13705648
22137233
5664504
7563035
17218166
11759276
25633430
13724843
13384253
28973330
5918914
19282457
6291566
2826529
23709871
11321743
16619951
22071998
9052429
13383162
16529653
8824801
757075
12863436
10753671
11677426
12758272
19646123
20498176
21422029
11864637
23268555
19913671
11495562
1699791
26223736
14581990
10147317
23914232
25696771
9290045
10817931
26039533
17267676
20102557
11451693
17738701
17345599
22470795
11656089
2537487
10544236
12762467
5793687
14683265
10272969
26102896
1449212
8764683
24183045
8365035
17905766
7269495
303005
17829371
27003698
25992803
18136963
9275538
12418017
15023335
25191378
12249898
19928422
12604528
14210990
17065483
28078841
4592939
13949485
22015032
19195435
29986485
29734895
17046199
2603474
16521665
3483272
2553813
2562639
9074384
25430913
20935851
3894750
12934705
13088111
4888318
28131376
29025279
19516507
17263329
5514481
19043469
13717786
4275374
17751324
6735864
1161196
3057942
2693749
20437973
27927801
10350304
29112083
12078814
5657738
15122396
3274903
13773605
29994448
13882080
19315304
4287979
14774687
25888091
29527287
5644528
13984614
29731561
11302055
29717108
5630632
27459352
20773422
27385880
6768923
20249461
12869950
14497139
14542605
12088537
24000284
25654912
29983706
10563386
16185535
15399153
16667985
1721249
5383731
21969764
6929219
13040106
8076170
24234789
25819970
12778533
12584411
18346125
3096651
6852603
6243237
9410364
2258096
3271060
12604472
5050803
24035858
17628072
26091993
10022634
4660584
12059593
26493841
11097892
22741481
3195224
20975083
11848092
29621673
20068750
2057431
27718485
1390623
7874431
20121192
9707380
7499733
3225992
12353299
23471608
25352116
11293234
15357955
26667367
29734379
278631
21188835
12745650
23265862
9388908
8123555
27254770
24053182
2511686
24930103
15492548
14460149
1032699
14238509
2736760
590909
19621445
29327785
7776820
9212902
8452750
21376353
6918028
20522560
9729525
28526638
13720870
23355674
17987845
21065025
20272040
6510151
2374604
19306755
2175101
12360102
24605440
21632580
10888010
14448689
25347811
11405164
5865134
11064159
14800015
14691193
20890172
13370068
28430001
7070489
27389689
20767673
9578042
16840008
4307233
7817884
24985237
14123984
13830657
7222493
7989828
11685499
8527798
8776235
20897783
22931663
5856118
1194646
27482801
18135277
14191229
5243233
8612958
7713326
4098142
10151277
23804563
17310517
3471605
22391275
19120210
24235330
28994892
17556919
23706932
20379976
8960118
24911977
15808887
25964035
12021954
24101754
22256985
8061866
28338306
28378907
702775
23771133
14152422
15055258
655871
26882619
10593001
17972117
22377652
24198278
19861899
6792733
11866760
3499466
25092311
2076778
23463855
7495984
27532835
19964284
28652248
7593151
22465357
10820575
19802490
26610432
17370927
24496914
28735878
5532508
8298784
22374731
20615090
13225067
26767560
8554906
12908747
19938995
17096278
16773390
25702946
8436159
5807365
19958600
26828852
19658860
8922075
10691011
8602599
14923128
1650933
1772601
796758
20035646
12381496
22104913
19047918
9096144
26659984
6670909
25653909
15194660
4950688
24522475
14089398
531105
20928141
29404400
21197807
17667085
3812244
2327507
3875752
20490167
1051663
7195359
24058640
13204834
3456707
28116507
21449506
11613262
13274443
25382216
9593027
9516852
26656596
21489452
3538258
8488085
18880334
15240929
26392320
150632
23780625
2339808
20015331
21691710
2959839
8449681
1636132
4337945
12208765
536250
8778211
17979185
14779638
18219040
8620481
17709084
1925013
10875640
277096
13560727
8478221
21006009
13088972
3317122
21959088
6015884
20154059
25841073
8740996
27702999
15112204
12539862
877091
42567
9662033
17090888
28857670
22167272
24505914
1270392
27980435
28850082
11094828
10365632
418950
828048
28398281
28803460
27322088
21869023
26454805
13442571
24499462
21079462
9418991
5556411
25384420
23597735
19027631
2607735
596907
29729239
24601594
9147376
23675289
666888
20560247
23480183
15031123
19154069
631719
27469019
3049283
122176
23110587
19231498
16590249
6932789
12779462
7699070
1832211
27385574
22938758
26110986
67627
5326058
159200
13494277
1658053
23922459
20467003
29951205
29137484
14816067
2112821
3088504
9628565
10364286
9481003
7098496
765451
3189872
27584926
24618077
19352163
15896531
20644859
7805415
25955119
17807696
12265821
2669014
2425361
2699213
10639661
26747774
3878547
20582884
26314271
10148526
27835380
12392789
8861935
13010638
6445818
12216152
10737799
18693
11859530
28107686
7810445
17122970
27147798
28712729
24293257
20016629
21377324
23491086
1365846
17200167
18055897
14033139
15469792
2328281
27821310
7077170
7231155
12652390
29426855
6005491
25765275
11046585
24888072
11366934
24761615
11594835
6925132
13433286
6383198
2603072
28716627
23701893
29716639
21707604
25767690
7788134
24366839
12405322
10008647
23127629
9059486
501287
18391798
18165867
25262811
9544593
23224785
14396273
20377625
23028545
16908313
5461762
13593477
4112944
18830527
6997539
16836587
12266592
2016429
21286149
15766092
22115030
23677853
6326522
13359790
25760202
1848816
13924731
16586288
20683549
6583264
21618512
22982967
19682319
8477868
29020516
4572185
11099298
16902713
16068926
6849206
7603741
28414550
8077177
1070987
16208389
20374575
24158065
13392085
7076192
13137743
19890324
1608135
20227919
7789845
17911844
161431
9664587
5556759
21465489
17684863
28946009
17321042
21942322
20955448
23978468
27932383
29775429
13261639
17905977
4774161
10754142
2850756
1552655
3070447
7381370
15721305
5405614
14258151
12978894
9855648
11345517
17507054
6391849
10258175
15073947
8253551
14581190
9856201
8762958
28525602
24335556
26427455
14757407
7030747
211003
27392966
20405054
28771856
24760891
19580692
23527477
6077772
3972005
14981896
17104254
23475283
19641229
12125342
20688927
9821594
18984055
18543406
12283066
6708405
21159279
17370682
18738228
14589364
10222318
17495570
22737642
11135894
26997522
10657142
25139513
25989079
2944089
10620524
19429626
3202058
4168794
18647137
841858
1612254
22947311
25981817
26554422
15738554
28742973
26017925
13937361
8373497
20482142
12037431
3857166
28330604
7946688
29904739
6779543
7000167
8905523
15149599
16829958
19753452
6230581
16869853
20119655
7604386
19754507
12942780
16468451
9897738
22962624
13712552
20030697
5375615
6047431
28928613
7706700
5883377
1843650
17776216
21288416
26816033
21721630
22640453
18631792
6417367
22368035
24761391
14015993
11977950
8821264
12174699
10615410
25582052
26716976
5490709
29003453
3213922
19926192
23222303
8285032
29165264
4019561
3721407
13484504
29442298
25342672
12620284
21913975
15046258
11154566
2662762
2833336
11501447
27939027
6596344
19015779
21998689
9256503
19462552
14644598
16254463
29974558
1649602
11091704
18867572
25432259
8943527
13237701
19316579
7231303
25679042
12356313
7324908
8627096
6196280
21288245
14800378
5277553
18926103
21439132
649073
13164244
2506654
18263277
4247654
26972794
29164733
18439330
21084846
19155388
9372908
17257195
25190679
13809153
24005299
23640056
784413
1551396
8373719
11223032
20371129
2369926
18148108
23436851
26059110
6445847
13206699
28279718
29345031
6304072
1524909
29616068
24005365
20909604
635797
8337273
26026974
24769158
15130982
7531329
6613799
23059038
10067697
14621029
9610890
6699812
14066632
24443613
5743353
29980560
10214125
18539039
6700265
18644470
20042889
26726679
27116522
8041582
24084029
23614229
15351157
22680960
15807334
2218979
5713277
28006543
9001137
20313078
15111853
18249725
3912743
22589253
18938249
28450173
1782176
13412493
26469515
3934053
21992106
2734461
16270645
26137697
13284203
1789550
14182431
3555692
3611764
28356811
13708111
15944421
4050740
12401023
13493329
8650424
25180519
7086931
9283338
6583531
26668442
25946510
24996592
2561390
13989631
17747624
4692571
6790454
7440080
14965595
6028645
8494157
6320838
26582162
10899818
13761829
19510719
15538870
8566706
26821764
8697134
20399579
5560656
10940495
9932358
16917015
16546333
22797603
10467316
6187527
20039178
12610879
3072311
22014213
15472641
19018247
11382683
15366875
20240074
27766838
10098563
27757198
15690444
5410638
28619895
8879947
4452103
19422434
3612782
19912413
4915957
20616570
8359665
29601486
8577353
26437506
3588260
5200659
11839230
3834006
3060937
2381756
18833981
21022901
18387551
27847265
19964196
25826711
23279924
6752450
8789316
29511197
22803314
21823253
25762538
2899625
7494717
12021375
21788501
22176852
17558433
4899936
28979078
27487085
14962038
2329824
25732174
24228191
17278231
17466706
12869966
3972696
9414055
14167802
6620725
21608751
6896969
17383211
5771095
20964300
23724934
23478336
18089711
23823164
3478883
2553594
5097995
7749544
28850905
23790726
18536184
2984543
1543851
8440236
16665729
27771307
13722842
14861019
12400613
11794387
23234082
27510596
14120032
4679139
16501331
11108940
24693802
16375529
29223238
14830589
29581166
9410404
22469387
7259495
22161568
29104804
882635
24922403
1603742
22118921
26319475
23820470
10485997
14546977
15426856
17128483
21368414
21540086
3125820
11054979
9732614
2490263
7216004
11299925
23771849
1734295
18297328
27521368
17753727
6610847
29687127
24176610
25100231
25341248
18654889
855787
4128398
5032602
15407418
596251
7286859
6208749
14629607
17276133
12388507
25421413
5534056
26840940
3216473
10220718
9375889
20771434
28352773
2106147
29739610
12275051
18286785
21767440
1833209
12181122
3564311
8696520
9185767
17667375
14705273
21162190
11931653
24470548
26272672
7023504
6038305
28807422
3964853
3438934
4052404
18710738
15735427
4524715
14264548
456603
16060046
11230151
23027800
3425599
25640909
25287932
2118610
22046825
7833447
26623950
12035191
8395728
21893961
17824243
20762564
17338088
24926250
9151711
14825019
3320362
22022855
22225975
17367183
10327528
5298095
2244967
27837821
852771
18036718
27289208
5027657
13610802
17531325
21542527
4976824
12615973
9957789
663751
11256919
17372694
8328747
6980357
29344337
24112730
22445392
10571244
21428291
24016229
13732521
3513788
15090660
3070363
14372948
10922965
14934921
16470529
17631465
22267661
19825272
22369193
5992466
9361120
20596291
5826937
1314476
20140171
6851575
10844429
6260601
24107262
22603540
15114322
15696088
6653757
2447077
28288343
7387787
17653576
28321408
17410998
19220337
26506479
12143067
1520924
27252340
15356971
7394001
17117148
16289969
13643008
18407746
29538791
2600836
16603716
25674730
19977304
13649809
18678331
5148234
16742105
19308443
21844725
11005145
19503859
8865270
17141289
18074276
13216392
29766910
8615
11313258
17808537
25818482
9761095
22808123
16264830
27393108
20026911
19634093
12711918
15567379
21434239
7393462
18615264
88848
712545
25914858
6198754
19678321
14248636
22929626
22668996
169357
27010202
12142088
22912519
4365635
27254375
8254418
22243615
2531636
29360798
17302332
2707940
19391443
27309840
17102453
7160745
29196940
20552784
19517776
9807613
9467687
29353630
20134373
28870402
8705227
18472477
3852788
6887908
16361998
1693939
22864855
11919944
23288962
14889629
26455612
15133934
22400037
6215685
15281101
14150553
10978013
3872479
10404373
9066820
25553325
7571879
20374321
2464667
21719393
2694249
28494473
17068731
12940560
26955882
28604638
28678414
8057562
4639207
19693640
22638951
24051586
9977247
6754153
26977586
21966881
5360425
29183798
18002670
22360144
13113275
13980243
15682380
13400411
14917756
9621532
8185087
27636969
1600545
21593864
19973638
10605262
1117062
11493126
27896744
25900473
24697959
26573564
9117411
16189140
17298964
14750739
9583816
4091498
17194660
24230853
20258660
14116783
28851182
16788346
7648370
27444818
5648950
5901312
10064351
5924946
5612849
21860638
21913177
5710043
5071934
6665489
1946408
7263360
14023181
1187240
21965440
23946932
20533019
28796088
4285731
9933730
12672
29429554
16503052
29166655
21723895
19005251
13542171
23640363
18439738
25760604
1371347
11086296
12218287
20406104
13840852
24188346
3699753
9976483
5709884
23867694
17806859
21630329
20128257
17990642
16921414
2876371
20904752
27564036
4850707
12488205
29740607
26623571
7732951
42203
7485998
10439331
5253789
21897188
14755168
22782868
18386593
27254926
29553961
16568092
14516125
6014331
17784948
11211167
16535798
22967752
4916037
19099214
16405868
7648631
20637599
21888900
3870164
9531781
17908077
12514462
23924326
22028020
22551395
22270317
19532952
12581499
18754520
29745912
9402415
29893466
2432339
15252143
24813549
28089078
23445983
18040647
8452398
19400155
9128545
8381441
24168418
27595825
21115499
3492079
20698293
7540646
194007
23956738
24250182
11931037
11055961
25642513
7335752
1717787
830591
28767910
2095062
23350242
17468069
3551804
17343660
25676450
8862444
8622685
15950668
6983081
22433787
12904115
28640638
124262
14330108
1114473
21906699
19350212
8712665
10562028
13357947
25355752
3464870
17717797
17328401
26942725
6444897
22786096
12315623
19850076
16714976
434009
18780843
14817623
25548230
3850155
25957755
10508368
22150549
7789372
16834641
3279016
2434620
207204
19065149
7000695
187903
20038772
24735210
6958748
3646309
12624399
17164462
10000120
22481762
9608961
13191560
7527439
28357590
15642963
21981746
12236015
14209532
20888044
24757036
20903184
29310879
26965815
8161460
18735133
4671825
7583319
14849362
1564955
21163345
13108605
10299936
16989919
4008907
15251922
2014939
4011965
1145728
17126189
13969836
22202707
3181845
3506487
26078760
23248326
25481829
25816837
22237669
23194506
20208769
8721936
6269791
21866799
5721427
4429844
1451363
26231247
28295615
13746674
16216960
4898854
25853572
9256915
26711054
27810572
1362807
20728258
19790603
5583186
29751219
27918848
28337962
5999292
5899743
3157076
29797867
2788761
21544739
14844797
27222652
4760628
10001395
2104209
7462214
11013618
26817602
8879765
13794306
25928134
27999320
9682725
23001912
26978000
23784794
28819969
9943470
7243337
21381074
4031543
17270272
23507969
2899350
18341370
14597016
17441016
2989427
15771085
9614841
27584562
28301469
4778979
29872953
11090260
1775610
23460244
5910760
13068527
29777669
25877195
21181618
17252429
28423734
24369384
11455941
12735984
12021400
28706000
4578606
10559838
14491425
29352829
24147187
20787387
19584138
12531031
27956578
23301928
16994534
24913545
18513322
14251257
4353940
21565395
18726274
7131169
16822919
25887580
5912976
23595295
13550225
21126813
5495179
2307466
36704
29353995
29117710
21305034
14661335
8641027
4778730
6775835
1552329
5266951
26417697
28242100
24097470
27308799
10153838
27712293
18080159
28907904
4105444
19936621
28752612
27143317
12552493
17814088
22170645
21365762
1742544
26643290
10018997
18718380
26114035
20593677
27446030
8773274
25113278
20119288
13110930
19053771
17104701
4639617
23026669
23279841
886439
18702315
25310897
22573033
15333382
24217925
8975796
5668835
3742133
23794972
29140792
28918998
8450552
16327712
1528016
6510342
348898
19257829
1608244
16103019
9706784
10223413
21925050
12011830
24772991
3671052
26486013
1956470
24352959
12594500
20312679
3101047
27925145
3165517
20763430
9707180
19640367
1267283
1359532
6268250
15967917
7375299
14692770
4755392
14685926
682776
16892857
24616074
25284420
22238816
19095112
7407589
21005875
23564320
26693154
2076391
14646483
2167141
16025172
25628832
8422516
17530464
25703963
16325067
25170759
4589427
28857876
94483
9285903
13466670
27102315
13294551
29111766
3272795
364856
2292231
11580159
22190408
11810633
27719152
2049368
18916963
20136427
3498187
24075552
11288281
9782490
9322903
11062707
5617578
12815983
17070447
13079125
5397888
3184293
15080164
21515384
23627418
23987596
15577173
12621913
13662837
7684832
26790816
21874979
7281818
16067449
11215261
19047545
21330891
19606193
18738782
15712129
11644186
24508799
28332185
21709236
24303625
3175668
140375
11704960
14446546
3512125
18242373
17270205
613336
13714368
27170627
11687868
26069481
10120631
390481
7880097
13334819
19905837
29560288
4392858
3484490
8123601
25907697
27964141
27205215
1488055
5075628
27870705
28069057
6777782
25958269
23455508
9610285
1616704
2849812
7709426
11830808
6676289
2693959
18688911
8066260
24505292
5158254
9581998
19745355
20842573
6760380
18087527
15011786
7614676
9471825
7984587
17756271
23886925
13871168
25833999
27008210
23377107
21450496
12708426
29560710
25613281
5579110
17784724
8701526
4767114
16432932
28714167
7166134
8474655
16659726
28251729
4052759
5287806
494359
23458470
1129296
923575
15545460
4765496
8298225
11133601
8457540
7295866
25188121
29268148
2442496
11381320
15908215
29550400
4113415
20361462
15737553
25348297
19993980
19078179
15740039
23200984
4135658
17721411
11373562
7538340
1498942
14954509
15354817
17559752
12796827
12883709
9171994
26661681
15802059
17001527
10301865
21081540
26794173
23915156
2378039
1008252
20816344
1983660
24872688
2780736
22270745
5921374
16746988
6444044
18850939
2668808
11644756
22433371
24638298
15429159
21723983
5982268
26971804
7221991
25482696
997506
13927288
392993
21348335
18905163
18923597
10812705
14460522
17405988
24670945
2726446
18163972
24613061
7764629
28993405
26850518
6993054
7879342
18868861
11742740
3727536
7120227
19562557
3921986
27499502
5334149
29688820
7907816
2863330
7642811
9283282
17060900
18625938
4374945
17374101
12976933
14247077
17557054
26799463
25885940
5444753
21884765
3001946
14349284
2792659
18191563
4991437
24806150
5937171
23803832
4788413
24132392
28854581
23615773
17748938
9956895
28333645
5629656
18095280
5968058
7824262
5923542
9020406
10027401
11961981
12857745
29605364
2201227
27668890
6169724
584136
22644178
19104157
5313933
534076
13435917
3994316
26930803
7929576
7470234
28686393
26029549
7294172
8215049
10996604
1058630
23275050
20528595
25420116
23667029
26712829
15001273
28290026
10200320
28233913
20521408
9816821
14939642
1110856
2797552
4645035
18018637
15626625
6696603
16001723
25771155
14443874
29005669
6141953
511609
7646215
18504305
28878412
26712560
9368594
13134045
6709105
22211140
16689926
8842245
830325
1174344
10164201
27613012
26646088
22658520
28543886
708509
8607243
16093918
10594194
12911651
28675580
28003190
16081420
11350318
5672324
24343058
26341346
5676178
2418408
22151032
3843651
14636778
17990113
9027730
8934354
16762779
27725996
10901770
27350506
11490658
25428620
3870595
26345212
23005302
12159969
8387177
2391111
5699345
2309785
18042328
14759680
14469236
12945217
15685945
5735779
15907312
19483950
25220020
6779438
21786775
16383047
2610400
13318933
14883272
23522196
20797611
2832768
4348937
18555258
11139541
9902518
7959639
8537177
25942799
20528343
6881288
10876825
27591464
29842028
29806015
20660126
992496
29751844
5195507
10045954
5716683
14942312
27136302
9277196
23479079
23192488
1816968
11076480
28275155
4887420
15317606
5954398
19380012
2570506
26241420
28471805
12780540
2580897
7715395
16586730
102627
28396004
5200735
13838156
27349983
19331866
11741100
5492698
9250989
25031640
9270386
18539346
407034
17391327
19974085
7741607
19598860
11529695
11899095
343051
22404534
2427593
25926267
304372
3459178
6552825
23121008
6168066
27408224
20463826
5331419
6500021
10332024
126312
26503843
24395328
23483064
16317622
13339351
14783182
10668025
26643067
8231480
8485763
15628522
17158056
24288860
23401771
6204851
25852614
1879281
21818564
16667446
15145260
22468851
29772164
24106798
21010531
10272915
16657495
1144184
1572842
15186962
14637118
5873548
6436911
25504157
25358371
10142470
21707399
7843398
13078936
24533778
4877055
21985108
28961190
7450549
24760852
18997727
3729565
22824703
17231119
11685452
13000140
10221126
4874105
20879446
26076159
12464536
26875073
26905385
408927
6557831
27193000
17021756
21517014
15626186
9376886
7274192
13456008
25347227
24955580
5226055
26459772
21653345
28406881
24796343
2562413
28176848
20469156
23664801
9499452
11972761
11370407
21286737
7934844
9864338
22660223
12003166
17957354
3586325
8914078
20807033
14086859
1268963
27695249
21556099
24511867
7591453
14946630
14466710
19915590
25289212
23980662
4290994
8625361
11463921
15801735
27134769
19209030
19776133
8885453
25950832
13975980
12347594
23830170
19688242
7918801
5715450
10192145
14160560
26711775
15381031
28457707
12411678
13112539
1550849
17830191
19460404
26011049
16452109
12030876
2633435
20206897
5448869
21534004
19163542
1124403
25997589
16657261
16928286
19789351
27360315
22014649
22125750
13740261
13940297
2267437
29576908
9827132
19294797
4771186
4888247
18026492
28115069
8576601
15286805
13052807
7188511
28284565
20689170
24554908
12843441
1645303
12293615
11117835
24543212
22352218
16780993
6273720
1496081
19736885
24009874
10359022
15182624
12358257
15928020
12797550
26690924
9274112
16275564
17819863
498939
277297
28182692
6068939
21200880
23195452
9593099
6289182
661965
28201563
14439046
4467908
23437531
359217
4984112
9049711
20834712
5111779
23353942
13668746
7816429
19195993
18459547
1738550
22355118
19852581
22303663
10741308
2981049
25224017
5681371
14857759
5173961
25901280
12536979
11407984
7206561
9687571
11655152
17308220
25709551
25375191
11099364
29509844
346475
15461793
17151149
19780203
6747231
97790
20306117
10782361
27147942
3841559
12600222
28332093
384034
21860305
7713764
12627206
17355958
629888
15364122
27053413
6392714
2714861
14246114
6135287
8566161
24976667
15834935
4514755
2054023
13220703
132223
1693387
1152619
20837982
18316106
18062492
27246197
7857934
19652387
22299666
20680736
25595053
23170252
19883157
27566711
14217419
17171881
25037596
6647698
12085294
17900641
5139196
26751394
29985564
11610626
12103495
12102087
21584025
23797844
22656679
6654255
22079675
3256070
113480
5779627
9512173
1382307
529117
16019970
12296966
21063389
23354090
5550784
21341516
870961
3236679
7636517
19526166
25384213
22804461
353138
5914467
3383447
12302517
19982185
6441748
6661030
16652500
6829950
7392279
18540960
18130825
19350110
4900887
12287663
709170
17249413
16631624
8377421
24411319
5228961
8474140
5073102
27879445
7725321
23453947
28668758
26190419
3671376
22420674
27331033
7040403
13376888
15213560
4802641
167728
4707183
14504318
10756553
21132297
15472328
19424257
20374544
15593095
15564471
14887862
24920411
15083764
2576790
16727409
29882692
15853296
13260620
27306252
10591844
4838670
26540024
17276101
20484439
19998875
1556014
10097382
18517681
22562198
29704087
9615856
19566726
24847999
28511947
26539554
22417762
9170692
21833747
28634146
13514865
29851000
25831961
19001007
8153750
16516473
12951567
23606201
24495999
7422504
16565367
9093096
4364400
15865440
18488997
17119182
11162003
20067715
1999106
29586827
3305766
13589628
21190644
16300794
6660311
15518457
24667884
17630135
24996032
7616562
8082776
6702974
12965158
25984452
23153758
28693521
22612619
7845377
13684985
21948619
21646967
11714116
14574077
6963415
19434344
17262530
5584995
17926006
15684245
26730482
24669158
8008152
1927880
24051178
16011431
11711505
969855
10430007
19037555
20192421
1330083
25398107
5591192
8609513
28916415
4375076
9613039
11051045
13935457
11457424
17989125
10782251
12998073
11736353
1931751
18815459
14949497
3659985
734357
16958413
13384752
26368651
17374397
20762967
27580806
24921117
21764833
24897301
221408
1498115
18458307
20908821
29170561
19549458
28862405
21097949
1877695
29527646
26265758
7070452
8714758
27977029
28637773
15156330
8372198
24922939
14298899
24173432
20627117
6261649
9032927
3730784
18173119
13247356
14841381
9605304
15113000
1137597
1112196
19552634
20200388
27348124
7701975
7385831
29895010
19760387
4182713
7363091
26815057
18866102
23375067
20363947
18378886
28473844
26271149
26280282
22836508
13304082
5335136
1356632
20373322
10852801
11002083
28532562
16743398
5761782
4196265
4101503
19726708
21179741
26372324
22946248
28946984
14426139
8850632
28072448
22546390
10387910
15691697
19850002
15351332
317040
23487429
16713452
16398922
25376966
14505671
8601208
12432472
28111422
1111224
16666476
19731040
14522822
14377825
9733226
55322
28539959
17284999
29442351
18684530
23887216
3239786
7582740
25152005
21920305
15368573
10582147
17502680
21958685
21867816
3941430
14201603
7712492
27499515
157885
5009014
21651056
1747924
10761603
25898952
23860917
3269631
2068849
6950396
6531835
20132895
2222550
28110117
26662206
14106368
2088493
20248014
9009898
21875583
13966600
25118475
22184556
3623760
24092951
3299112
18376851
1732033
2460247
15728865
14248317
12734828
14307011
15195535
18915969
6207908
8091318
15454686
3615710
3439809
15313662
22030855
8464182
20929490
6399217
275903
10571885
9697692
12037873
29230832
14334256
7014642
15956663
1321875
16266536
23015080
26614635
9795877
13268545
21450071
8478915
17225448
13150438
28020731
5381301
444364
5209437
5712524
23138253
6775551
3886269
5334444
9781158
6203573
7558952
14251246
29400271
19163330
26480054
17972538
712711
28993584
28504087
22635383
17964861
29148718
18267376
4076656
11206347
2895891
22199498
22276417
18357425
4598260
17518903
2244618
8067144
25770720
1859246
15901395
29156608
14576516
9073406
2246872
2653660
6605169
16123050
4203097
6103944
1813432
23662663
2097590
16675518
18079974
27943777
2157485
200575
26685942
17896567
9518207
20754144
26705712
11705075
15347196
21798737
3195707
3342602
7179757
20925250
9168770
2614919
12804637
5897378
10425943
10498186
13267090
3262535
24419246
7344582
9443595
25841723
508368
3174359
3051231
6716153
28550285
6193122
18158894
17481772
20872830
16332013
4289667
21374830
28788700
6943210
17034981
19866878
10206389
21227572
21462110
6715174
1740713
24005000
16308294
1481921
8099721
5811372
7565003
19711306
4357939
21561331
6541323
29664849
4970580
18077643
3923494
7422575
14085974
10999444
7350045
5447705
24747034
935675
6888437
7382868
6200392
6974223
27995211
21269572
15458581
28735305
18098833
2741361
16564403
18470905
26765472
22883725
22081677
14336866
27918851
18490886
24955103
20914398
11283159
6201103
22220278
16043295
13901201
3325019
8534908
24512920
11901353
27734684
18597064
5999436
562214
21796323
3973089
2928243
20390169
11567599
7387494
16550373
18340082
16976853
19814942
12478166
24591862
25338161
26511901
2472411
28889923
9152734
24675787
7042480
10501990
27716417
21432958
24276461
2422226
24189970
29077437
25689452
10669110
9078783
4153359
17157424
7004656
12468495
3643762
5615827
22295054
8849884
5023199
16878877
10512016
24800898
28844830
10449004
20360272
20882783
29273586
24256639
26856376
18680426
24360748
27368952
25242712
10475280
12890107
4957014
25028353
11552174
14078936
27116743
15438177
12078602
7527617
26995448
15891691
10794025
25825473
25389568
1389869
27900887
3699913
3160614
14520724
24362603
23990386
20535058
18852238
16954006
22150417
25839312
25715068
22801900
939911
20040049
3515648
22737526
13029048
25320232
20295902
3913173
29228489
45327
21196688
10470090
19229838
6457165
1100157
10949243
1921489
23809893
10826631
22813509
9122633
12586176
22186660
24506748
20323515
19954765
3420661
19625255
12852367
11286309
5256951
23609486
20851959
15071946
22456834
10354571
851185
29998246
29267396
15665941
9363428
23200410
7748787
29135806
327777
12622774
7217399
9452138
19991340
11836131
5257957
25099585
8697095
9750501
9947133
29841107
3370172
15186009
15461882
17698177
5211163
2448926
17404461
955372
3641527
23593296
17176803
23539428
17439098
26957817
19254496
22483064
20575155
4924475
18634013
15870184
22851097
1146330
3410639
3045504
12209245
14985420
5684881
19257240
9181285
27610
11161462
23341660
28485111
18999013
13212062
1454923
17273587
10722299
28830409
20764249
10690792
20639655
22109501
18471039
10665642
27260795
8340182
21934563
9998087
4731593
4783231
25975499
27391096
7861162
23082901
17143672
4713603
27667054
11221619
29648895
20122152
18361097
3886486
10367289
23432922
11018646
8206489
5597118
15443575
9160271
3648072
11808952
26232059
11036190
12101683
5922698
3482428
25411815
1411895
8506072
6365488
19575486
19120021
7632555
21796964
3129207
29230549
9898482
10044974
16037972
11144886
5413048
6117047
26974530
28020001
25265523
25535513
26203745
14666177
12276644
24938245
21916816
2701855
12864853
29608070
17173842
26535722
28248793
25298327
1889954
13205085
23522901
22820984
13588457
22810048
6064781
24739507
19160782
6532214
25647342
1796449
16502578
23457087
2850400
3751520
3127245
29077453
10471914
26780013
7068327
6652835
19297944
28797676
16324825
4745889
7386711
6716677
25961783
25330670
4727002
28673536
20369232
25208696
26670188
17462977
6282027
25609453
15753668
22123241
14941741
14791009
19874500
14800770
22598416
9570228
9934599
5920357
28404873
24842571
19690211
26560763
16037509
6206701
18231235
11217549
6267391
10047768
25672460
10872557
9380228
23489940
29839689
20690529
17344062
3850706
24188107
1497895
6131245
11884004
23689552
26593553
29388800
10765797
29539514
1038706
988652
15449418
73545
19294970
13536375
5077259
14731100
12764157
16757392
22739683
26339239
8655784
9138807
22725051
11735015
15624603
24288161
3817961
16602449
8597812
6728162
17960216
13273188
1481251
16324112
3709447
23271573
2113895
6635544
20366857
15201287
1640064
1081645
9646840
16165526
19052800
25539527
17307605
9564949
20178366
10752779
23895164
14398571
28379196
8401062
13913348
16053665
24285288
5295919
25619577
2407392
15735389
12204543
19340697
28485900
28215933
8542957
28732566
7375010
18610995
18625326
28570739
21407512
15590813
18890411
7677698
24011439
15164916
4548193
21956350
4634238
10316863
21835891
16049698
21975819
5866084
12674885
10890464
20354782
15025793
19969152
27479087
1308407
22304206
13566930
11812279
6013176
29340175
664279
16435681
23765196
5708538
17419160
3638869
19419624
28701122
19262877
46518
14414548
22002097
12534549
4462415
2196546
29113076
24441799
26791981
25846986
5211490
14674118
4434459
18130336
13589334
22184509
4975137
1283658
3422167
1627802
8823179
21688304
14888487
5670475
28466035
21555813
12375871
9613363
12621477
2684373
5863849
15095139
5311910
8376273
6100457
24344434
13589155
6518722
19825365
19522758
6526198
29167907
23412674
27719716
11534407
18451635
26649921
19790830
11288423
13471696
6613477
1168794
6666246
3526648
28882402
23021788
9137526
18061016
4439520
9412598
3914522
29926628
18932599
6071672
5633072
3788585
10904216
10282098
25795358
24414895
22441138
467903
13105227
29094219
28717071
19841335
16564614
25363310
21587687
4211965
26584949
28575965
21798937
19869767
11532544
1444605
22694607
1719073
534500
21355295
21340319
17702728
7736481
7145052
19767045
12483238
716848
28534866
12261738
24932242
6971945
15238419
10133683
14239793
10652552
21033037
21240370
14608300
29755985
13900441
28273282
29727680
18979242
20825405
7484419
9883115
7635506
8297466
28315649
26011320
17052711
13252646
4953371
8484654
21890655
28105772
7901544
23873515
22588475
6616828
17795806
29098951
29693370
9260046
12098803
23973188
21910860
15634925
2822001
21564326
624736
26845491
27968804
27739296
27222410
14699290
22839448
25603168
14143329
4740153
22447315
19155218
26215215
742769
19620031
17284052
7574718
25249334
20929067
19192999
11885574
17965945
3705475
14939859
5217700
19338971
7874993
4121426
29467608
4860221
20275689
12768689
3331916
8733800
20578895
2899585
9593118
19382131
4348771
15047894
2037565
25379773
19683319
20554678
16278647
25250682
29252414
5057205
2513601
7769011
18840603
10872052
18995048
19464476
28705300
9631352
14666790
28741348
11244245
15905148
3832807
189950
16794032
9829988
6613883
21101778
12203340
19842900
15476996
12253521
24734569
3069248
9722191
26835596
7644224
3279403
21022715
13578253
7346950
15795037
891922
1611999
25400412
8701323
11251101
13822625
23694815
16909210
27792233
14787628
795921
4895465
1130793
14413058
8882876
2657085
19813943
21615214
28165656
12072004
26171563
25544446
16778688
14134327
15483776
4627887
16407213
29250802
8516912
10677526
22410807
10014957
7153510
16213308
16059415
15313919
621141
56856
2044869
14749639
14368814
23254959
29811505
19899612
20543030
1613787
14571980
17572936
15525570
7469155
23526139
4176787
19810619
20549155
23181565
2230084
28425578
13241464
17845821
16182881
1824873
26573078
12602054
485201
9613693
20801423
25129215
16994603
17259337
22197038
16634709
21587241
2083632
25998869
12217969
12083155
22239396
13590466
20253724
25095238
16912146
4019807
6449899
17740162
24351222
8710153
28120046
5004990
3537105
24437746
13681854
16185780
12838475
28563858
29267418
7846913
17873604
3175710
11553730
27995571
20801249
7597447
26543285
19710713
18604428
29142703
23563191
29965249
9444993
24234571
14554435
17535250
27966941
28751749
5606940
19758648
7343343
21436801
11305795
21367682
10953270
22097639
23260470
25261143
22482906
12675237
20748669
11187936
275584
13147108
9839779
1464916
9125626
14333938
21132732
29562430
7954072
22378260
22868509
16685763
16276082
16246480
2242015
18499683
22530596
18663078
2364619
13424788
4650754
24661756
6708807
13014475
2177575
27730822
12672830
3847436
13059654
21102382
2793074
23080502
16443443
10182720
4473459
1688931
11480397
25449211
21266176
23505713
22083913
24537330
24069209
24224629
1561444
28626572
8090915
22465547
28656262
21957950
24590603
28295068
12260623
7584254
17850538
12635275
12402967
5348984
25427977
22633949
5040460
12910308
7513153
19913055
28374697
2551963
25855280
28996284
10448778
5921331
12648322
11192291
20291044
23887263
4222900
27227040
10024680
4129203
19809601
6328312
12808615
18375539
25848448
10038930
20979482
2201107
28084379
17057064
7159620
14121354
504157
22530046
7131879
9768370
7135718
838491
26854907
227558
15855873
17584763
8832735
5970236
17252918
21474105
23108997
28144361
7192616
292235
20145851
4400355
14075440
20762471
4516888
6189372
20179523
10288985
11974241
15927566
13995609
19184792
12825321
16520211
25193797
29591357
29264354
6507104
10721818
3640823
22038421
16265401
11183422
21698387
18082377
16450111
29592974
15309
26724567
8458697
19909585
19430655
17222614
240508
23593660
21317247
14789312
5752064
17384632
23261373
4974178
8164809
14371973
27153698
9333937
13893536
18946393
27389796
26031966
1468374
18623912
15749815
10170223
11626894
17027909
16508393
27232063
7240185
26986294
22718197
9030479
12120852
6249508
6813973
9466960
282523
21258773
14560694
14719196
4001208
4219410
26060414
5272411
1497425
21829846
4355119
16189998
1629361
25730768
21816428
4401981
6182937
28189182
12862432
24991979
690
10593821
13121274
8144775
13695379
27297694
18191034
20287930
2536918
4049941
23012440
18953025
6157175
273539
2537348
25221212
9804742
10326173
13489932
6147559
3996988
10648671
7415891
2097806
6677829
25786798
21599467
4538258
14188944
20317179
23922904
11762167
8086215
24470675
7008893
129220
24025806
25363814
13606326
27411858
8367000
10276294
28829889
8540522
24134826
6901704
27449693
19516586
6736105
26820073
182511
28691313
8305803
28028717
25946508
19062769
18100908
1151631
2606482
19045724
3494494
8338710
20491114
20683821
6788113
3927290
28782595
21258925
24735743
11432232
1508457
22535075
2304678
6288725
8945908
13977725
1094978
13872202
10998722
3589305
20616700
1276867
4264235
28249840
7098119
14087309
28825161
21842971
12452180
9381676
6582075
20450598
6234528
13097293
14279976
17946296
25322011
14659597
1486142
19648571
12630237
11504901
18998188
7284804
24993103
15342444
21521264
10086130
23881350
6478229
17766434
17858329
3042021
23399239
17624663
10345842
18224553
4352712
27206653
23555980
21717821
20843328
25356774
3040742
29450840
10899682
2949066
15421712
23685482
4778257
25946977
21751753
9620591
11854582
29594368
4668929
13584507
3431950
6489073
132873
26265563
405918
3911198
21886225
18107806
10101489
28325656
1625710
3824542
7931362
24330329
17317887
16646876
916050
3739200
20866884
7274677
16077850
16620766
13567575
5710795
19582521
26941469
3222260
23860853
27314644
21128541
4252072
19535883
3686657
24255409
24625493
15561910
2896292
11552466
22746811
13384988
7774370
19196768
17580587
28260995
14813725
22908275
3784179
18330643
9539352
17605074
8938621
28136347
8778102
2185358
26563897
791940
15727144
2646240
21923254
566160
10806075
6176338
12471165
17964685
3531747
26080207
463376
1993302
20320530
18737610
10757819
19558692
26348831
4412199
26347420
19428849
8917717
29213060
25957804
26748324
4135857
7190392
16902598
29515844
5716310
28461577
26787097
4669026
22449244
21486309
25266807
26830562
28524429
2278265
8450572
14028135
11510748
11400969
90088
3004326
26149908
22860382
21644407
18378161
24026870
4604041
24806086
18999295
26503572
13801238
22118624
5119968
12666668
13766359
25102402
264178
13294768
21946395
21618366
8487022
3051837
27098179
10313151
15034335
20411093
19520643
14375951
19626607
7634658
24968837
7578643
28934201
11305311
10027139
16624678
19787679
19932993
16888135
26482428
22968814
2653052
163093
13941916
8418510
29694215
26568486
4590376
10897883
3447128
11019028
5826249
3223477
24349855
19415130
27786814
4673436
17131529
26709524
22826388
6421669
25936813
25329777
11225031
3793489
25138524
2215847
8074505
10456965
34723
18630671
8582392
8405388
3699366
21170652
16569160
9153337
8900931
25042754
646959
7735492
24028876
3013067
2449196
3217084
8468948
11653071
15897101
8144572
15882139
10703966
152792
8276422
18307099
28605574
25368236
6090531
708546
15179355
1334730
28347638
17132488
1480525
13582053
5428096
17831333
559770
19066267
9604781
3291612
13520778
23224810
15092752
7889290
329411
4671719
19986843
6910754
5164019
7269746
9024186
10475814
2135681
27387502
13522921
18079254
143247
26492756
20891827
1467016
20329600
1600021
19956662
9907142
21989260
5700037
7792513
1842821
22071383
15136146
14242959
24740937
25988817
12831905
28213185
18805629
15652386
11714776
10150283
23597478
20327656
418203
4384505
4637852
25619841
9252504
3139304
7265353
21959135
15048930
16899468
29208294
29778281
27828837
10537000
7827600
7145482
6502344
22533790
22933053
20257190
21440973
771969
28307855
22045393
19687475
21368657
18738900
7579996
9934578
1493070
11481625
25770204
14698617
13216960
28945958
1858201
12918473
22930799
21429624
615627
3825671
7338827
27167825
22804479
6220390
1013987
20678413
19567745
20929132
18105418
19908093
28022775
5202834
27341956
20793494
6546096
28128956
3840905
26101713
25077041
20405086
11968244
6942251
9422630
13558936
2223835
29922964
19174578
8642270
4082437
5773112
3243600
15079161
27499959
5979364
3101971
25221724
9615547
16377626
18032791
10152160
13844449
11170645
19852695
27327430
11099799
24539915
28216007
9186115
18530207
8520115
4600342
18921359
16310364
13507536
8284635
19625718
27733355
16360684
1417026
3310736
20973096
25626315
7779343
1476831
29172921
20035005
3836296
27753235
20796801
15031091
12986586
28780563
4508433
20351179
28981100
6372410
6965094
6768050
4869354
25514704
23032718
29147855
15687487
4484086
15628518
10931351
26460923
7846080
13498386
7230905
21468759
15784613
20985824
23090846
1988778
9639639
17412653
2088648
26739585
11211096
29935687
26884119
9614217
18037666
25021856
19491334
16813995
10481213
9177175
2376987
22317905
29284546
27167409
12270511
27539950
23570781
20517111
10574952
23137265
8960051
21475955
14662165
7489288
4659311
10273854
17310828
12879279
26220753
6766909
10974095
11453176
3449207
14703680
12064606
27602014
28553209
20625151
9162532
29460498
11650572
3841832
8748541
16396596
11757647
28772331
18776756
22668635
22815371
20635781
10052752
9163665
22572309
8231312
21132238
6872566
8326866
16359182
16269029
3172616
19745192
26830820
1366118
17979734
4765580
8776331
29020801
14733403
309611
10639565
17720554
4710343
16522169
24447813
15039129
26836552
19167725
4876664
6924075
2091534
746223
5257859
20726653
21476478
16104249
5596749
12466376
7524238
3673935
24735868
23035135
7431445
25643447
10740694
5519988
351776
29168144
18567697
10292652
23166119
25555822
22180566
11970698
1097585
24748263
2007724
21866019
15558077
14452333
15399876
23988235
12185963
2635025
5231240
22126108
82086
3297430
23921963
21243119
418617
22368843
21708732
22961435
21947851
2241205
1122623
3054786
29327908
3731923
23377342
24091167
25400506
29989679
790339
4047678
5489731
2638423
14152970
2247580
15435525
28407656
8399468
26446459
15551950
6206369
21398399
16393702
15681202
10157029
14180209
27622930
29525446
6116761
3809694
23173827
13606148
5338788
5082462
26070720
21832567
1430171
6278277
20697452
26252098
9714533
21805322
14640337
6664066
4073892
7418532
2814045
25814022
13919649
26888738
2376344
25947888
24694810
3352632
2816989
14049040
7809786
24529320
20346572
12713138
23579243
5181385
17075975
20732010
6021023
23701057
3168372
21246447
16581694
17191058
18108015
21441498
24125206
20144012
22645713
6305404
16918811
9429239
28544820
2731120
10385889
8382556
11569421
17403808
14037791
5052796
14362277
22030439
16456290
7623497
10234027
17737894
16515208
4226649
3167680
15785517
14052917
16651618
13649504
4915294
14873573
28864660
7618530
27146639
23263502
10247074
12081020
10556279
27141782
26182020
16689523
29191903
6855321
6752202
20871914
11504836
22446458
11690159
27962487
20797660
1424447
26529883
17950462
25659743
14281718
18810336
21716066
21650511
6906502
7413972
1280400
17870250
19112513
17850885
26988488
2413275
19233733
28189670
24878805
7049091
