82716
30337
70260
72451
33245
32799
67099
32635
38459
79544
58173
30851
13641
63107
19284
87588
30464
24136
77172
97941
15822
59075
52829
84815
75278
12463
10484
99829
892
71900
14799
16268
82614
85213
71496
99144
13038
2413
34866
40448
67950
88101
61354
79864
72909
22526
31342
88114
72622
26869
65554
9636
34913
66476
82994
77743
44183
61665
18462
37275
91347
43629
45182
77912
14742
848
40600
90573
78766
54145
43292
68923
59694
811
95087
82205
47376
82868
39083
97667
55486
80136
40627
28469
89433
93515
46135
43441
33247
21406
82923
68319
26728
40049
22892
30162
20263
74516
94044
24684
49666
28309
64075
73009
38968
1416
21989
60330
40904
22637
90900
80113
64870
88493
20903
46813
52976
90073
48012
77349
18472
73973
83757
76153
95825
60243
35710
41441
78632
65881
89519
72903
11768
40419
20822
79562
37027
12448
56938
97218
45598
18390
24625
87632
48925
34810
8338
55651
90362
21734
33297
58793
75214
63298
76431
92445
18147
49008
60241
62030
8634
38869
66257
10850
39529
31976
93369
28930
5811
29059
36013
99440
19800
7034
59475
23120
30572
54750
78442
15911
85373
87068
62841
77948
45977
4557
63850
70535
24411
29838
77355
98233
1977
67658
62589
35847
52496
85369
43211
11150
55215
18577
49336
33984
73432
55374
84837
46007
8923
46150
70886
45236
9772
97235
31661
28315
2310
26414
57136
76211
45349
93920
30649
78663
3636
48385
50823
31959
85593
1860
8941
78776
45171
573
55185
27056
82685
44060
94351
42798
2901
86844
46371
45028
38267
43144
55741
85250
20589
93250
94490
90040
5691
17462
19585
3713
93795
95009
49150
67922
92364
8163
93001
80430
58595
29958
78246
10862
15541
82406
29861
34498
88844
16969
23728
21852
12554
78231
6176
56431
94448
95797
10000
20818
65368
28910
3040
65831
36124
6589
37823
96308
25788
29004
22015
27568
89876
91321
16375
62825
38813
38202
86963
87880
78324
65510
81643
87081
31050
95166
86264
38433
11382
43471
11779
63303
75788
56050
76281
33571
92172
50447
47674
55695
95776
27136
24669
70732
79283
78256
16011
19201
60254
45043
78917
49371
78560
68455
2582
42296
59856
1514
75054
42198
80036
20188
33074
88957
92871
14110
55123
95141
93432
93876
57786
93916
37806
47491
81118
58281
89345
42674
13863
56716
94847
1713
97732
31669
73273
99681
86672
47759
2001
1809
79167
95517
53731
29343
17220
45633
65435
7450
66681
24075
39519
61880
36713
86372
24031
264
85954
84485
10107
91097
55569
25539
31585
75694
70115
70524
13688
37936
28957
56967
51003
29558
22783
79728
81444
1247
97694
91505
79075
43696
39376
34319
43242
81347
61066
17182
82503
15080
46479
83729
76386
80559
98554
21791
48966
30397
8433
88721
76640
16057
40014
11320
50357
75557
12574
65644
20420
68732
93707
22876
26368
78911
6504
16447
45687
85365
67346
2130
17620
8546
1006
98032
71101
57426
96294
14415
30326
25685
94633
60004
27420
20832
24237
57946
7132
83400
27013
91226
40402
97352
93323
33607
947
8389
59643
99037
41930
48255
58838
15556
93592
21365
86234
30340
80819
23878
9744
75771
57311
42894
89348
94313
72136
20907
7055
88904
5414
87435
69703
99300
75608
21336
87480
83182
58782
75839
24937
63839
32631
49016
73227
88910
82101
35117
65128
83914
13044
5564
17986
99411
40702
41978
91502
75715
8348
82252
48255
75047
13271
14200
54633
84870
82419
13699
94375
88872
97557
20185
97712
17953
31981
1530
34619
96714
65634
96292
54336
67267
23568
33862
6049
18283
80731
96559
91476
7506
79499
81821
42894
70393
5261
98479
34463
74719
93084
73728
91779
97242
95443
63468
86797
96338
52692
81685
63216
1605
35445
60890
92143
64734
19711
5991
45891
76486
38880
56355
96406
38226
91399
86971
57350
84912
71609
731
57035
33663
79358
67915
19057
17571
71323
42328
21646
13956
69622
26156
68867
92603
86717
18032
84181
34010
60524
58462
79246
16529
74299
43734
33788
63030
60536
70531
95896
55356
24278
10337
87824
31885
98787
90100
93751
98762
67168
36491
70380
22812
7164
96341
62804
36574
4863
44052
17370
9882
30089
76
46243
17616
85121
9551
99768
23854
52415
85785
2865
82685
57976
63939
49870
21043
2632
9915
93565
84731
8288
86378
88329
50719
25964
26057
9460
15316
38741
66368
25709
82513
21952
76469
15335
10693
31975
70497
10723
97202
54090
54607
51391
41136
14388
67964
20712
69678
45379
79849
90882
56275
36891
27512
55735
54421
24276
5410
49525
18558
91479
49729
41987
52932
48223
82107
36990
49973
19106
61435
40606
30018
98721
57683
9602
2365
42612
15019
27069
73936
76562
46551
45669
53122
37248
5439
58185
44582
23394
88115
2922
70166
23607
70458
483
80044
73570
66167
28109
88325
93058
89449
75242
72110
62672
83690
62201
76744
4820
96102
78629
95934
51056
70364
61080
19340
55840
77738
94085
99864
87396
75565
69114
8308
83280
89762
85363
96076
81737
70666
48698
21861
17919
23710
26505
57128
56322
63428
37531
79766
87314
34518
75772
73133
74538
66544
89763
94015
31694
57044
20455
33773
19322
81707
25820
2705
38013
80940
10700
2782
79592
67170
94295
31616
84658
53281
35412
77548
50234
72378
26789
4033
76302
58808
14871
58246
82427
32501
73725
99738
6837
75359
57496
40033
40891
81112
68050
85158
40810
35036
79101
5120
54595
39662
72805
7761
38708
61801
79670
48974
55816
16418
12170
42664
73480
34924
72399
53983
74947
84976
8611
4365
84540
37305
14628
2556
17838
54162
99162
59422
19723
98484
63720
70062
14624
86623
74169
52236
1230
49421
20666
80168
10076
24490
38112
88036
81404
61209
27215
67168
10574
50613
2859
62760
476
41814
72225
17326
48663
97730
12154
27366
18875
60973
40273
13961
47203
91862
57140
79843
10193
58356
88249
21853
25387
36818
43026
46632
17240
80596
59621
12351
23265
99482
61476
52974
87647
85853
71593
12858
95788
20058
55592
82954
68428
40884
66244
1484
11717
27706
10554
50296
22519
64218
99433
95794
29744
51723
58498
79745
81758
49954
95682
31706
54165
95258
46909
38791
72864
30662
92270
31695
27740
66322
78439
36085
83091
68267
87626
58588
76477
40966
97996
93823
69108
60131
1321
3917
55511
5687
36199
21839
82481
35921
50809
8490
64939
23621
98452
39502
32773
73933
4587
5093
46878
72271
34713
56240
2575
87190
22220
58868
55268
21549
72302
71348
38397
14130
33614
86399
72339
40372
63217
91559
77692
28529
12438
11203
99290
18041
6446
79880
72455
80638
25917
98455
24869
75810
69271
67012
84758
84136
79084
39538
4185
28414
13186
46858
13122
6327
60181
68723
62738
1344
90734
51548
5126
69494
11370
54563
76765
45278
59959
2321
83149
44193
66369
14307
13318
71752
34429
69178
1701
5667
52171
7945
79403
66362
77718
20880
44115
90212
28590
32037
79130
36185
7328
88631
3616
29114
38081
99913
72901
66763
19367
89217
43262
10012
70263
98349
31321
62616
48827
31475
22469
18551
26405
71841
2384
31664
74330
21988
52962
87794
99790
33093
66288
39670
62881
85279
91896
17300
27816
7379
92439
68630
92373
6397
51731
9091
6158
81370
5642
60600
23745
23031
69358
87168
64443
57948
6532
15116
29111
52841
89877
29855
83114
5260
87324
17453
62621
89548
13912
58407
15536
20068
42178
75502
64157
50942
80112
68092
44565
5215
72168
39011
6603
1921
29331
13394
918
83734
42993
61379
91368
62132
87680
55496
57944
63406
70082
46776
49883
94778
59537
87843
81270
63258
42346
25175
63172
78071
38053
32350
11173
30293
11801
99436
99083
7526
47592
60646
94888
4907
53689
82636
23477
13698
72493
11612
60593
80459
48297
44507
71802
70033
14695
82925
15741
23995
70314
72151
17741
32720
7099
52746
44654
59316
32655
72000
59430
99852
67745
29871
57931
615
40127
85672
81199
13898
76886
33197
55128
63520
82491
46613
10181
68337
3084
83816
46777
30689
66815
37845
40250
46495
95123
27162
53909
83563
5946
89808
91030
55707
21426
7140
35905
77905
82225
53776
50794
88989
93296
46818
66436
1641
4973
93035
47661
77329
89604
89912
72728
67670
67752
60266
37947
80503
66435
51246
12282
31682
35819
12313
86803
27859
3238
38037
56460
90734
75972
96225
45212
10655
8537
43244
19951
25008
32955
98241
38758
31485
69629
11278
23572
19595
56433
35826
84524
31723
78033
47329
88181
35717
35117
84771
20276
63862
15605
31483
16404
2657
71839
58847
9400
84684
37288
51314
58735
43761
23766
70532
7445
53229
76206
20513
56030
86890
39538
50926
13815
10969
37152
54934
54870
29643
84747
23003
74947
26592
26767
60662
17394
87041
87097
44830
5528
52033
37674
45825
43067
62331
48513
83856
6622
55203
45776
89367
21527
592
2807
24694
1935
28827
81580
14832
27712
88603
8321
50423
15250
40411
6995
85916
11138
94927
90505
45292
91443
58266
61832
3042
24496
21220
81507
24651
20112
90951
84502
14413
47671
38655
74966
28271
42817
4907
78513
16605
29065
50207
7249
87278
77906
99537
96267
88467
25973
39102
85692
84729
33881
30266
64324
92973
6812
58133
23914
58463
35382
56836
16219
11540
45713
26211
87830
26907
5422
48632
29575
90376
42717
25206
67586
5538
7371
90165
70971
40103
40336
79594
26145
13423
73923
92110
33906
51370
15206
79813
5873
9040
51806
62884
2869
94436
47784
76779
49304
9617
3159
86262
79530
1627
45163
99152
9012
43222
30537
36039
164
47296
74402
9561
20217
95942
95632
2715
49320
89535
2275
58918
83049
3923
60805
30537
62517
81354
73284
59390
5407
23674
73863
90297
26129
96285
70471
38884
15581
4124
44017
99984
49377
75985
27494
83592
80605
15006
29666
87128
76383
76616
1684
99831
28185
1788
55255
20215
1924
23917
26760
29113
14987
83266
52943
54362
46094
90946
41333
29962
14869
40671
16640
78753
40132
21690
55391
62753
41827
3410
31040
59823
86273
69722
53460
49968
97256
22219
40865
90459
13091
60322
16221
56719
89317
61125
51534
88142
59135
10639
41476
53444
15892
27403
20986
18307
33560
7699
62359
2353
62908
48529
84527
11038
26968
92558
8913
1116
8
14794
7778
93261
96873
29049
69394
85475
31326
68863
88950
17528
7494
39402
4856
64772
74580
8131
80409
24461
86202
49101
21989
9026
31164
39502
77418
20591
77119
32003
64407
66977
69125
76522
57665
29614
43050
58604
63137
59795
33391
32193
36857
29874
33118
43896
10539
682
33203
36505
33380
65867
76312
66859
81886
97491
68296
51154
82027
85065
90167
43844
34636
30376
16606
49736
35146
41596
60683
3499
14734
31442
23556
47141
14318
92040
4081
97276
81338
24127
23538
13800
43158
34489
80053
52290
94508
57195
47763
18543
54994
74605
96196
88263
22446
28712
69808
23076
47031
93428
31051
49967
6569
22664
59669
10383
31827
71525
22337
25539
25019
90588
22639
66410
14582
66998
91621
7242
52890
46892
47575
7856
1733
57857
28822
99744
64454
87158
78202
16347
97581
10280
13974
1105
34449
30607
96397
6733
86175
97599
79369
40503
82524
29366
67179
49386
80304
25130
46836
29669
95767
7678
86204
8430
69529
35829
55791
57340
59532
62205
87521
79855
33641
1674
35415
52278
32324
28304
52928
30939
26496
30810
20622
1813
52340
11078
4399
99925
1833
94055
74119
78329
96286
60140
44591
41487
59695
86852
3275
65467
34072
2908
80946
21734
41749
73171
22993
11862
67591
58964
46893
20969
44952
4541
53710
12202
4511
50907
61006
72557
74513
33886
17207
6431
81376
13806
49289
88337
86708
70682
67812
63405
69034
16341
90877
35198
84169
26404
20098
87540
30156
97030
39222
32409
42584
93106
39037
98343
80258
69274
43241
68100
80604
79040
79394
79755
8977
25063
60655
33895
53534
71515
6181
34406
79500
43488
30433
27885
91814
18098
27104
42485
18899
8395
51387
78736
75288
3524
38189
37947
94722
38929
49861
8604
32089
40189
82767
63927
10239
44973
6740
57267
50576
11343
98599
83102
33819
85217
29686
50512
77084
65700
74685
9793
62140
44447
9987
23352
82872
4619
60448
83530
84646
67506
90531
67283
11634
22444
12998
98408
80513
24236
89200
53657
12763
75991
16646
50191
12563
45627
2476
11122
35644
39306
33633
86916
40479
17458
54242
96494
75269
89142
30830
12652
44754
90226
66865
28827
81463
24221
9721
81803
43394
22818
39672
19390
49625
34479
20901
95857
22467
36149
47504
7070
8714
78381
65551
93799
31047
77679
39197
16482
54431
79584
32948
55652
17641
5362
98286
52807
26050
90584
76823
64961
32957
96069
55110
73311
40668
96727
1708
90555
53081
27496
60205
60534
45754
13888
70547
71397
10586
22754
30901
18906
94105
10186
43326
88533
8467
65311
98137
12318
48968
47202
91681
28890
34422
77743
93261
45066
29874
98090
43268
59228
69578
6385
27085
71956
3451
51371
48092
72036
14061
98645
69218
88086
10498
76747
41675
37748
71310
28512
89784
67815
37567
25620
72727
35440
52511
33992
60660
32723
91176
19528
29163
96015
79803
32816
28632
50467
96328
75305
88405
64442
79975
79594
40726
9236
7710
72120
69043
23886
98905
70160
11625
5710
98699
68464
52998
25613
28993
3207
89597
73204
35811
32065
96986
66698
26408
39827
4326
5972
29463
28504
98701
37757
5467
86553
41405
49232
13576
94642
8895
83811
79018
29527
37198
58494
82741
67015
63075
39734
37289
44121
84140
51529
27250
36376
37412
37193
7243
63473
14574
67630
80229
43734
57754
29193
72446
76797
83185
81291
18161
78721
66731
3688
18110
4436
46657
28211
19981
52920
60620
90704
73577
99801
5644
64840
22206
23438
4060
91846
28007
28283
22709
85952
39839
74650
54387
11190
44476
71514
84712
91343
46919
59712
87484
96876
52997
53681
56956
53016
33203
15507
44262
43848
32806
59850
35044
43064
45195
6910
63600
41307
7506
77661
16623
67040
17541
75375
77643
95272
96552
61054
12753
29783
93427
67398
47315
71792
57075
28606
67162
19650
65459
83530
53994
46261
31512
38604
67221
72906
54621
27352
24483
71226
60159
9284
66219
92981
34621
36184
59040
45773
63297
50312
34028
93109
64103
22787
17059
60916
63085
80297
67147
16103
12282
97173
78774
66853
51926
21780
75971
35121
72957
62710
37621
66254
50483
79829
83901
81324
5841
94672
40697
23745
23187
13399
9563
61041
50886
36205
66480
62100
31234
59024
71258
93908
60397
2008
45677
43615
10895
30191
21829
19015
8360
41620
80032
96070
67455
22622
59038
85855
27035
44285
87706
37694
88663
65354
78472
82684
44363
8906
7255
81617
76505
80226
25799
30067
68310
42642
40855
76078
77420
57945
66828
11526
43506
14679
48474
54791
67332
7132
35355
20429
71714
76528
33233
66440
67519
95430
49271
4094
66325
37730
9050
18971
52608
87025
86394
35133
99670
20577
79635
60844
52701
10206
58544
11959
7245
12264
78507
38185
23392
27151
35611
87025
9660
16909
55881
6831
96239
30597
64120
94552
19725
11788
81229
41609
1413
72926
48168
55286
17430
70862
39265
98128
13751
96570
5986
43967
13616
72735
3603
50209
34386
87515
53035
238
69127
28954
23496
43289
18599
89079
90259
31850
68614
4523
33114
92666
48430
32549
51444
64
40513
86745
71808
98222
86915
23818
88536
14792
50851
46085
37603
89040
88613
89584
83374
5781
88686
24781
75558
91201
67352
96938
95060
10735
61138
62205
29161
71657
99775
58778
56531
93765
73649
18960
13443
2940
76010
71277
95834
63404
41418
21952
2190
61217
20722
78776
46456
63198
37333
43148
62355
44726
75439
56568
46988
61999
28777
2447
97805
13684
51249
22695
20624
68968
6917
95480
89624
36748
75786
47339
19424
36196
22875
44096
61373
93924
66319
47172
97920
48203
16596
16528
95848
75892
63701
40837
73009
658
91022
41284
15317
28559
6711
62501
21253
19227
18645
54178
53278
3393
7082
90244
76985
77680
39674
51560
45344
53780
8302
43998
11930
20018
55403
71966
82622
25178
76233
72259
92791
18561
9154
86500
93727
39819
42117
22909
96656
5531
44337
31828
66395
12950
52701
58947
5972
36532
89686
6446
49973
21190
7490
21322
35339
51044
13904
65993
74810
24474
82707
35981
55416
61840
10543
5897
98028
86322
30647
82866
31284
94349
55015
94028
84334
44311
14526
52357
4777
64469
56461
80521
51559
35265
8750
21615
44097
89499
48354
80278
1491
64147
49548
83660
71696
36697
96399
76411
9632
79771
9175
30342
85
57467
14280
17468
57577
9805
76385
913
25906
77191
5092
51090
93950
37450
47891
3480
7145
61484
47613
22111
39423
95943
93929
89332
81681
97478
54316
2923
23553
21823
2261
41103
51231
41914
84946
19309
27381
9314
91215
35762
87679
44190
80010
15133
51624
8060
36414
99180
61432
23806
63540
64852
95214
8419
82443
22575
76065
92146
38500
51781
20614
24147
36892
34724
73865
87788
57272
86943
1898
55984
82017
49125
43985
74904
99369
29960
92566
64812
59700
13721
99234
77685
62453
92644
78456
48580
49197
9867
34817
47562
38723
33965
63506
63470
7132
45782
84038
13734
38835
83473
61775
77173
77074
2249
57487
66991
74425
53610
36602
34345
27418
62648
18422
34594
71497
55144
33389
44978
49214
87238
44473
76058
49317
11304
41961
78135
29949
96030
45520
94542
36206
48442
60245
9760
15060
455
37498
56023
48161
95396
82804
41761
16066
27227
38064
98134
73450
44114
28157
72165
87372
69200
57263
26672
22844
43873
53122
25696
43988
4639
45265
26912
41443
31203
77710
82507
97423
72982
1669
37586
44398
74198
93074
86422
86764
82818
36191
63762
99857
75100
92738
22095
92055
48012
83948
75804
65772
25495
65445
14566
44052
20748
73332
84437
69665
17927
79133
50328
72314
10290
30862
67221
6185
32093
87867
69701
50975
38182
99619
15749
15669
20825
47549
6347
62938
41526
67708
39744
37648
43655
68122
42805
74767
99409
89630
95181
13408
74181
81238
92246
7243
44966
2007
75917
67952
7571
6249
97477
99503
69655
31878
29511
72758
74395
27987
31074
79407
322
23776
85898
6875
8564
72591
43074
53284
96598
69250
77102
70704
2303
81249
46022
59655
24526
96633
34803
23568
27203
42032
31471
52389
34394
9305
85387
99055
64042
69476
36207
17635
31207
9595
76805
12668
33568
15708
64910
20769
77258
77832
92946
44262
25660
93652
94550
22919
33716
64959
14791
12583
14078
70792
81435
146
49178
60270
31300
36711
27545
37504
34164
36437
62981
8426
36258
93743
39931
40103
71470
63543
93625
22523
26816
47752
57460
95440
31729
81398
10709
4987
63268
3359
92223
45951
88164
30210
59144
10490
96406
33250
62660
93448
58558
4165
43112
62044
63075
56681
74840
78294
79233
45512
16163
54859
17462
82259
91632
70244
87215
54821
66267
10232
88612
76163
27855
32618
19269
41411
90981
68704
22051
85692
87921
14749
62266
41207
99341
11565
45344
32240
86820
94714
19966
94705
25973
46257
60603
98183
62255
85833
24821
42308
75658
2099
87248
39217
36168
54732
85683
47658
213
56445
29313
58580
60433
98569
790
19182
39345
1148
76483
19641
37847
75641
93213
73110
64366
7875
52381
24386
99526
16689
69836
37000
9111
36201
44121
15768
23990
39501
18571
69103
95889
60474
10639
96629
95531
29209
94779
16733
76258
65549
41994
87196
60274
46828
45586
16109
92747
52149
13236
65321
49971
86824
82234
13151
28772
34218
76682
2186
92509
91295
3434
29296
13108
13939
31022
84297
33320
55002
14987
28577
146
14071
2295
28798
51959
79215
47113
41199
60421
91254
58493
54837
52107
82115
80857
92315
2870
88956
58266
25187
176
9014
91988
89886
82663
25593
87459
65345
72498
95177
55165
47309
64035
1781
48331
11467
94197
31349
21580
8035
15167
9475
2097
58620
88964
54084
7564
59565
95589
88093
45773
1528
40622
94225
14341
98394
29928
36115
56541
42091
8094
10295
52203
49072
88684
79159
98674
87223
60983
66101
77802
69595
68347
71338
67867
41793
65024
20719
6045
68693
36061
52842
26905
4112
62143
59082
52337
40331
76890
39341
21668
36459
83685
78334
45049
77416
31415
13585
27061
5354
90685
36570
76294
10500
3486
2149
93187
25342
76548
47906
52043
22405
12363
77768
23469
76597
87419
35126
45788
83752
38965
8126
19773
90063
95601
56345
23057
42101
59758
85589
56702
75558
23973
33246
75489
85440
93694
65704
96156
65827
95808
77994
6016
99196
45398
44515
86462
25543
12797
32293
67619
24935
48470
59248
96459
28669
62284
2285
21136
12281
18502
33066
74660
94666
6844
66145
76489
32150
65049
32653
4863
90675
54514
84557
83613
9405
47641
37215
89946
23780
41885
40048
99931
6252
12779
7250
51182
13281
35835
57687
21555
5162
96010
65165
13249
4527
42278
7860
76234
72255
84400
45725
96519
94255
93320
27396
62678
36455
67790
84352
63856
16175
84093
61577
41084
56994
93279
2149
98136
95703
78035
69510
71969
16229
35963
16932
16529
88079
5141
96385
65849
21876
155
43538
37997
87559
93299
42331
30465
19044
44411
98739
99473
97315
26177
18791
39203
3458
18220
27722
83458
74823
71099
3669
21497
57325
4588
27284
10857
61501
44601
42799
27023
20496
44219
80144
68769
59010
7741
47112
37393
44118
38307
44413
54156
98454
66178
26075
30897
64811
37347
27650
41916
15509
14805
61583
61115
43785
17132
52986
73275
77031
99954
92405
17562
50747
93560
5776
81629
35891
49732
65788
99164
37847
93548
39179
50138
19227
57035
67480
99249
24164
90123
46996
5886
92242
10713
54646
96090
89859
65831
33011
93775
30383
55295
30747
37097
52817
73332
30171
80592
2781
30194
12653
17591
34845
63702
83588
71134
76805
64470
18717
92766
95458
17369
29454
87114
68620
58214
99135
99814
46433
41212
96779
90887
22547
9778
14790
32866
53536
23968
16067
92782
65023
72724
24997
67265
78324
45262
69164
3335
68407
75213
26508
36641
76794
65328
23302
70301
74564
21247
68834
85960
80776
42881
8573
39538
98974
97457
42032
34908
25914
97067
93040
49428
9222
19318
92764
56175
95697
85110
29567
65848
29244
6604
70734
35701
56913
33631
7729
74220
29073
5024
89000
69631
46629
94868
3886
75523
73873
79587
91349
48483
38937
53618
11224
16407
76741
58281
57372
62454
25376
17034
49805
47580
41759
43153
65299
28559
21782
6883
89801
54216
58336
78614
36104
94577
95808
37503
24421
49981
81831
57509
66887
76555
76180
46023
20384
96630
15041
71476
54136
70329
99680
94790
40531
3580
85392
73811
3347
47443
37128
72649
89636
66916
54301
76320
23414
88571
1572
71089
94474
51389
10423
949
17325
32782
13193
32186
62725
46280
84853
49883
60350
36243
80661
9844
19368
25625
90698
42629
85079
75543
46582
42075
30717
49099
78026
76931
22427
8492
42976
71070
13169
29647
49683
41825
66083
73138
10931
48141
14733
71210
44205
46798
43791
91240
71621
2536
65791
84659
48572
1250
25070
99986
11996
47415
78401
51402
44573
78625
44573
32914
38164
88268
27082
2283
58427
38201
44120
69944
83429
63775
13431
31767
19785
88553
81697
51128
97068
14897
43875
91862
29780
21288
19395
46501
67839
17991
71697
96892
96872
70432
17851
67677
747
72140
44157
71157
16247
46776
91439
62067
68534
18467
27885
46392
89384
66609
72408
1039
70994
86720
24715
2564
7609
74577
84283
2294
77438
45390
81501
87090
66060
51896
243
64564
90498
5275
23202
90782
67847
18961
83090
82430
78588
63308
87388
63711
47113
4849
89795
93972
65168
42550
1688
29643
430
89311
49415
77126
66152
30640
73443
76450
16797
74155
45350
38981
57928
31321
48237
10694
22812
21048
22097
99125
46249
19836
32098
29834
53742
63502
29891
24636
66538
73590
44249
67339
58538
24084
59008
79494
87584
64125
57528
87290
61157
17427
2046
71138
67767
52832
56265
168
7748
80549
85368
90292
2913
88253
75369
21463
33624
59695
37026
54366
66725
28028
31915
35015
40497
64874
22777
40184
59118
58524
76448
27934
18272
9106
21754
41438
23040
85867
87591
33323
41476
45258
40762
82297
71778
88619
83966
70619
1138
28522
85824
41008
25802
38367
24370
10726
83374
22284
48893
14798
76257
46279
7565
44728
86597
95770
94841
60917
98061
73596
3687
62980
91859
16456
9759
1535
82274
21426
8820
62791
22476
13798
47676
17935
96014
57172
45226
27386
78642
16624
78592
93435
3543
12632
92338
16074
2652
70853
32849
56321
32769
84810
37205
88319
5709
32843
21793
42033
11543
28393
3779
17544
11078
7250
2932
25752
56513
18759
18029
58638
37106
40698
10060
56562
59749
1874
68096
19848
57601
45318
75719
4942
13074
34240
89172
13843
69699
11142
76952
76666
62058
84420
52372
33865
37312
19436
68475
59309
4030
78521
25571
77281
82817
23845
36495
81349
30199
85107
39029
69116
90961
27903
46467
70031
43440
46171
52813
6279
20834
22473
60774
51965
24827
83444
51900
82134
27488
79554
45703
17005
43556
56105
17822
14849
1295
87510
18156
35385
70509
30395
80757
75769
30199
24651
58087
68436
66430
40338
32802
77713
28081
52127
71007
583
93943
96455
16900
43702
39742
83217
66598
90807
88958
71561
27011
86227
61013
33479
14547
50306
66060
91889
76174
13023
67071
29301
95019
3479
72998
85189
10416
71716
44472
37663
31887
24056
38197
90019
11135
96393
35694
87974
16225
7878
9881
57655
85246
6743
11937
16495
3027
26622
97449
94032
42978
26068
83267
37848
92637
92770
85840
88548
6510
23264
41774
78952
99475
65111
83957
33378
24461
45984
11006
86239
6106
50861
58373
83155
78581
24412
68669
89526
80300
73937
93408
30783
2851
99958
2670
65112
37626
77758
81959
94000
64191
18654
70726
17432
42382
16536
13245
52165
11455
27026
81061
62389
54525
95463
66010
88398
10729
60514
55638
67683
40970
61957
409
70843
19964
40839
42220
98131
18163
62200
29594
61264
87250
22426
90594
24406
67536
52894
86110
89920
3525
34457
77069
43059
31116
72839
78280
73903
82368
38417
19327
18919
47037
38734
77964
43449
7224
48773
35416
37982
499
24975
9285
83870
74311
80180
70764
41616
1608
26968
23733
69369
92094
7728
2605
40847
22486
56253
15279
96807
389
99865
857
14524
17037
75724
24861
16423
76988
98635
66659
15160
47744
90148
74423
72793
14247
10891
68902
92909
88225
75067
9208
57496
61067
51644
74030
51700
22758
9152
46202
95493
81323
94904
29948
10467
75942
24581
83725
3178
15325
21272
65787
8505
7141
69741
8520
89859
30851
14088
36625
16421
39812
6708
57881
64730
4580
38795
31790
27349
2161
29754
89638
25339
90190
67968
28774
70354
99489
80442
51352
22150
2174
61065
22374
84795
34725
50889
36681
27973
30094
40196
55521
52858
11881
32388
4604
67708
90881
8009
68475
19837
23963
36306
77344
854
37912
88917
10630
54805
38370
54689
46764
30820
73450
24229
87040
32765
6561
96021
20817
54980
12290
7194
86263
12343
32730
34094
94234
53015
40202
87
66371
34304
81483
90435
24109
84304
8046
28934
67209
86506
8202
84022
83904
72809
53670
65414
6042
28511
91417
83944
99827
24303
70728
16574
82794
73952
96106
82993
88626
69215
93659
70312
55824
74386
22513
17781
35704
86968
72338
26024
6171
28143
83590
29189
2101
50383
95742
19815
89371
58556
97121
99379
13443
96140
9096
97132
71021
21606
32945
16290
8822
23557
48388
32398
70593
76640
92252
34375
77367
99686
75959
75649
13371
14090
5346
53231
56880
53774
79453
449
90961
13395
58338
15445
44209
12206
19894
81402
40111
13698
68368
84129
10989
11407
77942
82637
30267
90436
341
14567
55027
34473
13400
98675
18695
35234
98176
77904
59018
34649
25526
52666
91650
32166
87292
63726
60403
72868
61677
87371
3291
17642
72183
70491
77325
88267
55270
94908
48462
63686
14515
37444
50045
69574
47878
51180
21238
50891
89260
75382
30705
21020
14525
26685
65019
66310
88459
7687
4718
23372
28319
82866
85716
81629
54931
1498
44509
53269
19874
61529
16315
34268
49344
24529
26574
59640
6216
10379
97491
57056
5046
75745
55563
38588
31497
49487
13886
74486
36837
26644
6109
44780
50635
60212
50735
73276
59367
26657
47587
20600
32562
10031
64735
9085
33707
72550
38846
54144
34929
81016
85860
20464
44542
52363
28401
77321
77161
6445
21537
13137
44247
19089
92507
88910
67404
14469
47614
95331
76294
48374
91622
12722
2420
65632
30503
45953
77681
63649
29785
17823
42785
61169
89050
10677
67788
57908
59086
56483
13839
44007
86836
56076
35742
5126
35078
46912
45916
19902
45688
14090
72963
9225
28462
85807
93773
55022
16930
72167
14925
50998
14740
85626
17624
46402
61768
25773
44090
56422
24481
13904
50410
78943
55798
61473
65609
95130
29032
37158
40623
20611
4052
88596
46824
13809
50306
39797
47463
90257
76245
43988
91258
11615
77691
83040
18827
59980
46673
71774
70173
47549
71412
40428
87061
12170
26660
93438
18463
73249
19881
45322
55391
88784
77077
12322
90044
40079
83288
16321
3225
44718
38460
56794
11631
54259
42143
82952
24104
94008
57362
99720
14962
86143
9529
56731
56729
10251
56446
4772
77006
13079
63154
47244
63439
11488
77633
58129
35844
30840
82385
75732
19444
14568
50464
58332
98833
17113
54082
70773
86429
5397
75800
24401
54406
24158
86330
15445
97058
16003
59263
31671
50323
75757
26297
9489
12378
77122
94853
59956
95122
85767
32723
82365
87877
85156
99482
19560
58406
83235
17602
37333
59339
66067
33835
8714
49337
85627
34205
16689
9935
45084
99211
68255
84931
81191
36192
97622
32201
62300
59259
48706
46392
54120
12698
59486
15285
94744
3848
67273
38616
36784
45590
25334
4157
80693
44670
48383
97340
4469
96645
97494
50587
81697
49618
52297
74273
73633
88132
844
10505
94891
90762
13528
89992
46665
74241
13985
17985
14957
16451
54614
60416
81600
72167
27824
49160
53897
18691
57090
92125
96766
43675
3115
35743
36213
97690
74649
30274
77678
68453
66611
9156
40950
17876
87115
44054
92207
82624
84571
44648
13480
35741
87949
6669
48227
5525
53354
17611
3051
25078
43161
73321
40548
54930
77751
19409
79887
17077
60896
20524
4607
45493
1299
36149
59415
33070
48290
17751
3567
22136
19966
48232
83484
79796
37336
55911
75244
42279
55137
97735
28467
56302
62290
25326
16073
17486
65047
63539
66885
79746
43959
93556
6260
63122
83966
31413
94729
8609
2816
49471
47515
66903
79807
65991
32592
32788
18164
35347
93709
5475
70457
35330
28566
8565
4648
12813
85207
74634
5065
79769
84111
22714
9734
86418
95535
74641
85033
62565
63633
81916
3336
68172
59582
91703
35805
39708
94167
45604
24939
72695
29736
95447
9317
32085
13255
9699
6524
91872
40856
10749
31746
80494
77063
21037
10418
12302
74773
58092
98874
10444
8382
44216
68993
35140
91627
34894
33720
63420
44445
69849
98655
71547
55902
15932
28256
65126
47159
29615
55786
68417
83078
96095
40898
8616
37701
46684
83962
77824
35695
8017
47366
88402
37098
95886
99602
86807
18924
21676
79186
91734
50004
42347
69572
17965
9886
87031
4333
74554
17941
77979
76076
92956
36962
73021
5828
33765
69746
20197
3774
82705
17251
45752
33649
59830
37548
48574
20406
11309
58710
88347
45886
22199
40949
56005
6956
83434
89532
64353
57418
18615
10319
44586
12858
17393
7635
95688
73110
50812
25837
45009
71551
47305
63351
22917
66081
85668
45258
24650
95698
11219
64880
51363
54438
48542
30919
43809
29133
15942
56387
87817
36472
62400
81985
43414
8282
19586
71482
71826
91307
24941
29911
585
88074
45915
20519
89970
20751
12561
94192
674
65908
16980
56225
67382
23960
16516
14561
42148
69448
85009
82567
42007
37080
42181
66930
12992
83398
47008
48226
19272
72323
22540
16600
4309
84214
34764
75768
20598
80655
62498
54922
74385
39972
66924
21396
42182
75732
54312
28492
48515
72853
28257
56484
74391
31498
20592
53487
91909
82099
9169
90832
55081
45100
23341
68795
7726
3279
66579
53723
2576
8843
84427
44918
12468
64661
60334
86676
22681
71268
16291
83355
44991
16974
35421
85845
23687
9138
68325
44821
89028
96780
11811
13762
31458
75293
39753
56260
80845
3796
2925
23046
70158
81190
14478
62125
99136
65876
92435
76887
87222
92116
99407
43670
97784
64117
1981
67849
53854
88028
69509
8469
6972
27923
53072
79493
83767
37583
59319
20077
31912
61912
89639
94831
81079
12997
98558
79745
22862
33
33359
38308
44299
87889
2800
27922
72747
31257
74833
86866
21506
50089
97790
61958
320
3626
52285
63297
50451
26055
16188
64313
83468
77497
96399
36221
32164
27255
80508
24361
75756
80940
88513
70405
29878
98813
32764
34045
36042
37678
14877
61989
44799
60251
24794
41955
90053
60329
98860
71008
37784
60289
25080
65229
35287
23854
24502
99808
96911
27962
66538
32981
7641
83356
42813
37917
48676
69893
91079
38992
36498
71303
78932
28860
41119
12413
61374
88052
37233
51261
13213
46227
45801
59513
58705
7409
42749
4727
44197
36548
57356
87680
70115
28064
5614
85761
52074
39970
77706
90401
30751
37767
67218
87881
95603
8554
9012
38961
51555
42891
83788
15390
11749
82828
91180
10950
54452
69367
57593
14483
49081
29994
44243
74840
82123
36489
20360
29582
52977
21368
30503
59124
67484
50017
31274
44022
75878
36323
40978
21695
14492
11627
11063
97058
22821
562
85381
5663
51589
36222
59519
80000
69759
38371
41369
39085
94731
83913
58552
24929
67198
51880
68430
45955
70559
58629
47789
10385
43533
50836
1998
79410
78054
70991
97717
73870
62885
23067
26368
11185
43434
79583
68128
40988
1476
30051
62650
49029
96909
73271
33391
44015
69170
33061
18771
86591
9545
65387
19485
61928
84046
29248
44257
16561
45886
61936
8318
51000
21932
74605
22303
20867
40160
36169
61377
14301
91394
20872
76338
31263
63445
16771
49145
25978
17848
27694
10060
46454
18669
33916
7333
39609
17874
63028
91798
52013
41240
2283
37780
38941
83146
95107
97810
12621
95409
11716
50161
85154
45404
94781
92261
9479
81368
76593
12546
79554
57073
30846
91584
81842
21987
35219
72351
15311
35590
72255
53487
20388
23718
71554
41426
10906
1588
80276
46428
21513
14469
99187
56518
58483
70694
9432
41530
76949
22238
22064
9619
86168
97173
85017
98105
23303
39378
2154
16606
32883
11671
6048
90949
99057
4187
82449
24336
72854
96620
27968
55035
98429
64691
76083
39489
35235
87948
1828
56911
87958
11667
87874
64771
23958
88704
50333
6388
92264
97719
94263
82970
86208
89451
69071
19136
27449
36
89685
88124
71556
1458
71053
98821
1355
56869
12793
9249
52074
16707
74409
66748
48978
70421
81658
6196
58553
22930
8243
5711
31065
86394
97524
35073
35762
52336
62231
21640
54621
62430
56749
76263
40363
21054
81907
252
66840
18400
76219
13964
1270
86019
12928
24915
49099
15106
36741
84469
22091
63325
25223
67399
59158
60001
4135
35331
8597
21879
43914
92100
17104
74979
91481
59745
39493
1970
57047
18298
19682
64882
27135
15284
65413
62853
40571
60413
37364
18956
6190
3277
83534
48420
27443
97440
50273
13660
91999
17788
61392
98842
76707
33083
65533
44488
81675
41393
10223
4556
18277
49873
19505
20404
94404
48625
22545
20159
59792
85311
68664
50011
87924
11723
81066
97484
41311
99903
97753
83554
3308
11379
34547
22069
28917
32205
30276
61890
55364
46279
11275
9346
28281
34385
75353
81470
6642
81748
84403
94684
64681
34416
70698
60396
13163
78665
78961
29087
58910
61567
15435
13918
68093
52183
91003
13533
26561
79196
87361
48698
18522
61567
85705
5106
39605
44738
54380
16156
88879
51191
31939
78636
35263
97775
77302
57733
52975
37165
2691
5817
37447
17783
29243
30697
39983
43072
65856
86011
97700
69439
31127
9412
83331
70841
65569
33646
28944
68925
14526
67297
59562
10551
53068
27215
43042
40898
14148
8652
98875
6270
36077
70661
66164
16816
29814
65433
48391
31809
16293
92200
38975
88878
29120
79282
50045
28190
77827
81862
44291
59815
56180
9611
20116
96398
4847
74067
76801
88339
11211
27437
89850
58907
10282
92780
8307
9851
94320
99762
42331
80866
17334
44993
76237
24714
94102
62809
66064
67240
41846
58887
67152
46048
45201
16476
85352
3528
47504
89990
58787
64675
30096
28684
23411
18727
4665
7177
27987
85197
85606
86602
3332
33684
78392
14351
65296
59155
31413
66148
15001
471
31354
87210
34687
79130
53164
2213
89047
53954
32685
21572
73260
12264
67727
87876
43071
66322
76667
16908
14584
69752
94820
1835
4420
79200
77409
8821
68507
10173
35213
65757
57648
46967
26546
60772
41531
66253
80867
3385
45875
11780
58801
21535
78725
19092
3209
67399
14557
19273
11587
50167
63485
18230
17582
22741
95736
41607
58820
28224
43047
38188
21465
9445
93324
83341
48004
61671
69680
7507
33571
41943
90420
65986
72530
48580
18896
71492
69386
53710
48819
17921
55437
88628
38296
83102
10087
93293
78025
58223
61925
741
71028
66611
87592
97328
14799
38267
30961
92478
88184
44059
65012
13213
47609
96571
45440
60982
3270
80395
72433
20414
95742
88896
56514
8427
27118
89862
15734
22314
93512
54857
9589
91129
27351
7112
39222
63382
13370
80922
58599
61766
43026
75474
25380
33663
9785
24648
76256
35250
94107
98125
88426
36655
14902
40754
31782
22195
5543
53953
1381
40424
19902
26387
18312
33175
59964
8917
12611
1562
52690
79372
57742
59539
19103
75115
5159
80844
16453
46687
83876
18568
99700
38558
68434
12099
11336
90016
22997
94718
70558
45464
67751
76281
54662
41593
61526
13448
54732
37942
94619
63161
62987
67103
3973
66226
20863
87645
40436
35726
14936
15066
3059
71664
57684
70386
17889
40120
18555
91412
91201
68148
62467
89348
53256
47389
64423
34649
76218
95468
72026
91659
59248
62405
7878
86600
99622
33557
98891
96465
61034
83869
8454
51882
40076
72585
5617
16877
58959
87790
66004
16396
11429
49834
69500
14593
42571
20199
37680
65883
50246
66610
84034
50401
57453
76836
67228
58979
95764
14093
5859
80141
58921
6349
77143
37200
40779
11650
55817
62014
25038
9845
29020
1285
18263
67017
65576
89767
65617
76509
52282
49327
8423
43459
64990
67002
99830
57253
25604
2859
99886
8874
54077
10533
99217
4132
17808
56577
93648
82060
28359
20947
8124
51063
93721
86573
56119
49343
42581
2318
94174
53360
64654
60722
42434
39987
67765
60426
28638
62105
56552
13046
20078
58661
60031
31128
88364
92482
28413
27788
12843
27695
79082
87468
68999
40639
37283
36564
43103
51469
2936
48611
73638
99029
31143
96946
57883
66582
84039
82196
83805
81607
95877
43485
91623
96239
51882
88199
48418
24009
93266
78322
39663
42202
7319
14735
57130
77102
83520
67604
55080
51087
11743
98568
96758
10681
60316
42910
15312
94891
53477
93049
89922
41474
59728
17843
53865
85041
17336
11479
35222
8116
50204
35825
15358
90133
10307
64328
3204
21804
21280
64490
57772
38611
97834
66221
54680
77843
19664
67992
99333
25363
50168
5040
46663
64767
18634
55286
52687
40084
98902
89578
58753
50729
56199
97779
19915
34688
29890
53748
75694
25605
31263
56444
86581
59959
12050
59395
48898
16442
41643
85850
34369
57231
78036
11651
53945
35101
6961
48916
79247
20113
35369
45663
86759
45207
22923
22838
38631
8070
88412
87172
89806
85708
53728
34242
7519
96095
54490
32167
65155
72438
65071
39505
89361
55075
64979
61244
93186
52480
88300
51245
95681
16390
21777
58621
68680
40498
26402
67182
70504
48897
34181
77385
82070
75803
25078
56374
8349
60483
39930
21276
33240
18025
57862
9494
94666
25512
78049
95548
52136
81091
54370
36956
75731
27639
15389
3847
57605
71513
97719
95738
67524
43169
66452
8606
75624
2755
10947
25814
84682
99769
9999
31305
83570
51596
42428
73010
9611
58866
38167
17899
25388
16603
39426
90047
50029
47418
91902
12509
71938
50503
8455
27109
95626
86735
44570
81708
6452
51132
7206
31151
80830
49028
66989
19543
6557
11789
339
58143
34239
5517
41839
38595
7240
53320
18997
88302
77147
2279
63988
9406
68303
93148
44506
96882
6373
48256
89228
48389
60335
39762
61609
68983
9907
10939
84012
43676
47387
14309
85624
94504
17580
13748
49323
31067
61064
61409
21093
60699
41604
80764
23594
99047
23234
15476
44662
38843
99317
38611
88427
49435
62704
46900
72453
62353
9222
59079
35756
21548
2224
20397
47141
54731
35318
26776
41950
13593
74275
82409
48466
85173
14592
90680
46001
85266
8817
49884
42894
5067
93974
6975
94581
2185
97291
64868
96435
87859
76879
11487
77413
81387
87051
15361
38995
96559
41665
63391
63932
24573
52978
94610
59875
30647
11463
15399
14645
71615
57971
94593
88521
54282
82941
69932
59019
38914
32051
18500
16460
13804
98558
50802
55307
45841
92887
21412
49206
63600
11088
50560
92158
35402
88732
78365
22635
60806
86066
37583
22531
61290
37060
58133
12841
13192
72557
54229
21611
44442
32187
75327
61320
66408
71138
41597
18393
28227
1071
26535
49021
62187
55980
87107
98541
53988
59844
15939
67806
59174
47048
55239
1309
58562
25125
72135
79675
38817
7480
82272
46775
26021
94295
24075
74440
69481
68253
57249
25875
33228
21567
35875
47532
80536
19868
80138
72304
63112
70094
55796
42101
4260
70808
17918
90094
8927
46108
46641
20468
19730
54486
12010
96194
21512
12223
60171
58456
48613
47054
58789
50898
64045
35275
68527
93283
82675
68734
25065
49946
85022
4374
83123
84130
95831
39471
24271
67101
12571
85551
96789
94278
23956
18182
19782
26514
23272
9509
1497
5164
59200
73168
87581
88332
82552
90117
25899
30587
52572
23543
41601
38082
66844
53039
76811
99010
93265
41217
63814
76331
93609
41251
75544
23096
91010
34711
65395
72932
91016
55730
25684
96929
8837
8900
36136
50229
27907
64723
52124
61940
51341
86127
59272
68524
83083
49923
32150
59170
36980
8946
51167
39426
12334
64659
94315
5263
83627
72971
11484
76194
87410
94564
51948
75726
12593
56309
70053
89664
70559
98931
83651
25957
12320
54552
49481
46765
7665
99165
51420
2034
52397
99739
80556
99180
92441
10577
27616
39814
91188
65456
97358
26881
79387
61761
4006
8569
33142
90446
78124
16856
75554
45379
55823
13226
26818
67591
12434
30801
86299
20862
96008
57558
89020
63371
50434
94811
17628
18328
18057
16803
40251
69631
56413
25897
23225
20810
12575
7550
47185
1603
71208
92590
30742
57561
48567
69625
5005
48367
25893
70186
52316
19672
70203
56997
97612
81282
49163
97843
22132
51270
28628
50220
98641
47003
31322
36529
4817
37270
92516
40950
45581
94149
18999
65431
81930
9080
92711
16430
98960
49612
2667
59558
83774
42688
55271
80415
31576
68288
57410
49656
55535
12387
9990
85772
28005
82608
36557
67502
73053
36035
47748
84469
24367
82941
28967
9667
18402
43531
59233
67738
73517
65543
24671
98148
84449
36287
76512
30497
75111
92677
32724
84181
56103
25710
19205
11498
352
33854
91368
9098
3644
54848
89783
34513
28159
87697
25187
79075
58348
42893
7429
6355
36111
14466
98150
53977
37627
32099
70398
81245
83026
72552
43433
55569
5757
97098
60940
87076
22048
52121
84978
29858
80269
79331
5258
3367
33182
83091
44463
42575
80750
4762
98718
23025
65352
34372
90504
16099
69118
64190
52880
42784
65889
40176
11428
45679
35212
79470
57404
59391
53712
14385
28322
5422
33307
39156
47872
15786
54425
19000
7134
80374
37720
34751
75298
90695
16004
50923
18229
3429
28389
85455
64157
31285
14356
96502
23576
89202
41353
19958
81442
71375
80288
68038
8514
3189
39577
55609
64195
489
39661
59965
24496
97093
78756
7243
48769
11280
22571
57922
51079
87859
97807
157
10877
82308
38826
21580
97609
59954
25528
63113
76487
8205
42145
66894
93766
70016
43698
92357
57107
90312
509
83745
97198
63870
64601
97250
28235
22702
93490
41100
18692
24640
49342
72547
32786
74348
48059
64760
61446
93441
36980
82383
82814
3872
43814
26070
96311
984
58316
9611
64113
93265
68522
43243
98943
61483
72902
88573
76950
6004
42774
31054
61315
95243
24528
27889
86221
61761
30100
47486
1629
82688
68832
63296
97450
67854
30962
15262
48991
10757
53289
6988
23317
34477
57032
50395
21857
15535
26668
86309
77481
84543
90969
78809
66545
23585
17871
24166
58301
71309
45146
12593
50252
67971
54021
43576
62408
29330
94073
21971
3981
30194
9921
45148
40366
28988
72978
6858
13992
82627
8398
45372
36457
10163
55991
13101
77614
87805
23640
34895
67707
70230
31805
28779
53938
82181
29471
48252
69554
10271
91817
23370
50003
49877
36308
99109
91788
83218
78897
58782
22429
93812
7895
99509
53683
65447
31887
64917
54003
14299
39878
57672
68835
72247
87330
87319
69215
84713
52207
12203
47054
28944
57191
23344
46646
53174
82572
94027
45818
53417
20735
67755
26613
35008
47309
4525
64899
83849
48981
63250
19454
20689
66181
46808
5620
35921
12483
26421
31273
67714
78319
12350
83856
59861
98310
54505
36469
36636
73395
50182
44241
42782
31964
82218
67711
14859
32951
35941
48986
11294
19500
62040
81322
13415
51354
68214
81823
58597
44423
65600
24481
62099
59235
26018
71176
83086
40653
68769
22815
99898
37124
67375
19503
44728
30449
34895
83010
94942
26793
18378
86390
80571
23419
68424
40454
16573
82579
15706
52850
69335
71612
11962
47842
50637
32522
44191
78567
87725
33582
89037
8948
6348
53586
55210
10007
75327
16321
41361
16741
22605
68868
83593
27805
94100
78883
71901
784
85048
30981
62609
64493
31763
6104
70394
48490
67015
91898
53611
1437
39721
81868
59118
72289
79242
38359
5922
8516
39019
99478
72140
65795
27571
17488
877
17109
78876
43638
95036
1239
32963
77192
98429
1904
33819
68396
10635
24886
81067
8898
85962
60401
27714
20010
79116
38525
81173
55344
26000
51894
49477
20306
23251
37257
51716
67887
76615
245
52545
28772
88004
57886
44014
19029
8920
94485
34100
58218
42691
88814
92049
18206
76712
18546
97403
87637
35210
44011
49822
4663
58740
64882
53641
14776
17995
51399
32659
25681
11442
71215
40950
97431
97549
4093
43863
96661
2344
36593
35015
82065
81473
97284
2308
40755
38421
46329
9804
53290
83118
33516
40854
75452
42542
74908
45214
50294
61948
37890
52902
5528
61933
92253
11236
92889
27656
86699
95579
62741
99809
87583
94554
55881
63004
80534
52250
72893
60704
63030
29033
49032
19695
47952
22965
81410
14840
39088
11070
80628
42354
18205
22828
45051
24067
28083
27938
87560
27028
23389
24929
20230
45795
77555
73907
89473
66239
26562
28026
35620
47984
3970
19568
17813
51262
32944
20853
39599
80245
393
24432
65412
80404
61286
8172
96455
63143
34999
41037
44967
24771
82228
56015
66230
82095
60699
61679
66592
75162
9875
14167
54934
47588
31120
90927
52517
2999
44883
54856
39672
19353
12709
55782
71482
94842
74806
57062
77329
93178
52589
93345
58304
84214
95077
97605
96687
20994
9564
95680
38456
90016
38611
24530
67268
97567
23349
44421
32412
58534
98264
42429
38462
86955
62345
94995
69104
69658
43848
94715
11175
18173
75569
76660
50829
10553
33247
35538
72790
18340
30695
70888
30741
50973
66630
26767
2986
37078
4228
72659
28212
21391
7539
68809
75454
49871
94291
64845
44754
85110
62499
76789
35948
71674
39031
29410
53241
97941
85582
60511
88758
5365
86727
63756
97407
49550
86570
8772
47522
6870
98916
47072
56089
38516
55752
54415
63506
82172
45064
30222
18367
47362
39053
49146
50628
27229
9697
37419
41873
88161
16154
55402
74013
97025
26967
21249
17230
1585
67772
85261
42780
75837
12010
74369
776
16719
74283
10285
1623
65054
65718
8423
47117
85723
62675
11114
53224
30040
52689
71063
98917
94847
29040
85001
77245
58123
41751
32762
37774
6197
57739
13497
35814
31680
42742
36387
44161
58595
51404
4246
57560
28130
81188
17640
52541
36441
28053
13759
97855
9241
43288
9654
54371
70146
35631
46596
79311
83750
93271
3372
87613
47916
71297
73008
8387
61788
83626
92001
70967
36730
32777
90891
21529
22966
96591
15514
71396
11992
45486
45715
93329
47264
29215
92318
98927
87581
70975
31204
8740
20164
25473
79742
10870
22688
54234
7198
87522
4115
44446
83714
87606
33890
30016
9753
54300
50444
71444
21377
22420
54227
96793
64443
18577
35169
76990
12719
10202
72834
51537
32592
45325
32026
31597
44760
13276
41077
12742
36477
58563
25664
28223
69435
93295
34585
42750
63040
54113
55992
23595
93230
845
95768
61432
99295
52943
71526
49482
2528
55600
92401
93425
89397
43681
40847
46959
92457
6807
82027
69239
37193
10331
51126
36434
86894
17462
13392
93552
84021
50503
27290
3587
34846
39087
7811
62603
14723
60987
59075
72221
29267
31448
8193
56279
75040
72483
57987
50144
65947
14301
99516
97963
29837
92712
41268
73405
58951
64181
10521
22443
36391
15719
43112
14345
39939
98404
59825
12411
72427
2253
85304
91302
63691
52817
94885
194
24043
64579
68413
95214
45331
81055
436
55390
33995
78554
33032
57694
23074
14508
64892
83889
77975
19930
53115
27791
30131
6527
35939
96
25739
53076
63449
47752
63147
31660
68658
46566
10972
30329
41997
80830
6480
69291
98887
48374
4847
4662
18990
25561
33019
12567
39697
78205
52945
74426
34536
43480
8553
27136
38813
87176
9599
46696
61183
10623
320
74757
28256
85933
54911
32496
9612
63590
83173
87819
37702
35635
12676
97119
86765
42123
46025
39662
39345
56393
7227
94543
35275
65936
61432
69837
11482
70609
26799
23476
59080
31866
1592
28590
9991
30062
67463
65627
8380
5404
42032
65148
26870
79900
95929
87701
38466
36855
37363
59094
78510
56510
21781
6428
29470
14272
5460
69790
99275
92835
60707
58691
11206
64200
70721
43881
78087
51577
50891
58608
79928
39056
92442
76877
83699
22565
63354
22772
79602
57956
59038
50160
75286
93327
46926
13306
52038
34343
52142
98451
18639
61660
78116
28504
95899
48341
29511
7265
91591
14084
60055
42738
4223
53126
99513
99630
39815
33701
64604
10705
86681
16903
89097
82860
30247
429
26412
22446
5662
46177
78344
79707
19978
28549
36841
33023
15988
69262
85318
25122
50270
51469
58991
81944
18101
80409
77823
79554
87850
22549
18786
43327
20676
91072
67044
3344
28129
96626
14303
79427
91663
78366
95628
85506
77432
16262
99989
99373
51926
33250
88566
9949
74919
10117
96125
2040
86669
19431
51804
33447
95316
73592
55264
39751
47855
52297
82601
37110
845
36968
92059
58234
34909
80517
50770
41335
19287
29494
97131
70413
61198
57643
58248
97116
71910
75081
11493
8484
77716
2234
52637
59444
25569
98001
19523
62439
48615
62011
57201
4671
54043
40752
42009
95810
25451
84250
41044
94117
6919
42301
95019
29625
23938
98877
69537
83094
67934
25384
91443
92093
5004
58995
53659
32399
45007
67520
22522
49722
60329
99636
66374
11315
44531
4238
24526
10489
30438
89089
26703
55840
37042
87847
28342
72992
60357
67028
54813
53713
84448
65709
86292
32965
97063
54652
64956
84094
35898
87458
81744
58083
23352
27429
95770
98651
59083
19314
30275
36280
55311
19069
70093
97403
30198
15698
54614
29792
28911
55751
34516
40978
61095
7153
68891
89734
6028
58385
6535
79335
77319
51638
24928
61191
66296
64656
55385
81754
1890
71965
2419
76689
11679
47055
83028
66348
85035
20011
80555
79614
50332
26956
56566
28819
21777
8141
51483
8499
38562
35429
7283
60420
95362
42319
25823
58663
58350
71597
6660
29190
80419
77765
14069
69973
25042
2159
41072
85475
34896
82779
35380
50202
97583
50570
17070
54778
18962
66428
91327
71590
78762
91929
3824
99297
86737
46075
26054
9517
20904
22840
83304
44717
55342
41917
16556
77340
57140
92059
30046
68119
87913
32209
20497
58331
36812
8306
43858
57335
40120
69950
30937
50826
64782
16934
9782
49505
54268
17374
93474
64904
6242
14896
22011
78941
90904
32671
26505
8556
11030
40744
95278
4953
2478
45523
73326
12798
38794
36563
88958
68823
98690
2054
33974
88517
27164
33659
89612
46472
13917
94899
94252
19250
44995
97310
45734
29070
90935
80662
53844
11971
53606
57935
55359
15876
27807
42709
55896
9725
95911
97873
18925
54561
2377
87905
6283
2579
55557
20435
94298
50224
15821
52288
59348
2475
28500
63042
55958
66313
89209
32990
94653
42844
80202
62239
24144
73824
61664
74629
55898
30654
84052
58163
95093
87588
74775
37924
76214
37058
41309
95565
6086
10951
80277
57554
35638
25990
1628
51622
31922
86228
46791
83145
10052
38416
20367
30008
55441
44894
82084
52825
47252
82302
882
78953
52735
60389
44613
69696
76702
21817
40988
76448
79765
46675
48623
26226
16296
1653
28210
42130
26116
77316
11801
62033
21678
64740
80449
78308
44447
86654
18879
22206
7061
13074
75559
70225
44330
1458
11674
58550
2348
93581
65997
81970
86969
29152
69110
31734
8628
6238
14141
72259
41041
65933
15244
47867
64429
47716
12567
42209
1423
21853
92178
79792
72944
44602
13283
61831
85159
80085
20064
49262
89624
69500
68422
69568
28836
66218
23182
11870
45382
35092
58549
4275
84203
14331
79541
16154
76158
94554
41521
91560
44446
97232
76670
3957
98348
57904
45093
9079
80062
13749
77355
24195
62078
44511
1821
33032
38851
1769
71828
84309
51979
99481
60327
16232
1706
29339
84906
26481
11571
83657
29604
78871
5044
22766
49955
48503
40769
4704
18281
9980
58277
25169
46247
43940
71069
11928
5045
88312
91496
79427
47035
28644
99444
80320
53138
98674
83319
20684
93954
1870
89179
25477
16677
97281
85722
56318
33053
41666
65390
42059
54828
21339
64290
87478
1456
57816
83580
23159
53321
31492
65397
91120
60283
97597
35797
52964
22929
3629
57086
19309
68694
46511
11044
52642
42913
46250
86395
82969
14835
17671
10742
24013
42832
37190
65290
75793
51446
92518
22643
731
3335
73070
39482
69878
27162
57821
98503
79870
34805
43055
1728
20008
75323
82805
65643
91824
44516
85547
7640
9932
12431
17125
86598
73436
60044
40125
73300
83614
21208
34646
34214
24179
35891
66029
40265
66626
55715
81360
92639
30879
51544
75162
4601
82731
96505
74229
19062
5867
18775
3128
45302
21120
17794
21386
25761
2842
87881
11515
29938
60871
30630
25265
52041
2543
78954
32154
97498
84903
59706
75656
7044
56850
96559
46744
40498
87336
80417
46362
41557
57005
90434
9277
60990
72031
20814
57232
61066
91377
69333
32571
21295
64702
76832
95365
66412
94423
84715
44482
30002
3083
15407
37678
60524
12336
99527
64315
51147
55633
43357
30543
26099
70504
96829
79744
82052
66408
69539
84174
61931
89530
29752
58284
82955
57009
33903
52718
23368
11267
57584
19985
85883
62500
41264
22099
23807
88746
98809
27541
85451
33879
96721
15533
71669
27655
95476
46644
77638
62298
88004
93343
12297
96020
86409
79500
46624
17328
14295
30409
13148
27514
98041
51293
36787
34064
37156
8663
99678
52034
52728
14428
84418
72434
42065
48370
6160
98016
46830
98749
88453
27102
56062
17573
64471
75101
14743
40639
34422
88379
70646
67552
87747
1008
46465
28316
97308
15272
22842
12397
13662
32824
94696
43883
38744
94596
24658
85207
70602
53849
25961
16766
36847
83988
19098
6240
20134
92232
96023
20597
71914
88666
40676
4049
91737
91228
57599
25395
62913
41381
12906
3976
31033
19492
99215
43664
4762
41326
74980
59556
96722
49747
65422
95545
55347
75160
59902
60686
88568
40489
87178
21010
94486
97259
4795
16987
68880
65451
60726
35782
23055
84639
97757
71468
48283
72492
23818
24053
36351
31192
34531
96969
82749
49488
26862
43544
54762
72336
82188
10755
8383
27657
38693
23539
58881
43136
16380
47400
70963
53183
50180
46139
92064
36430
3623
69283
40337
56551
30222
81568
29422
35235
2278
3495
22552
49761
73188
99320
69751
82279
72588
88288
29571
24458
32941
17253
74279
63399
73766
69642
81242
53829
28273
60976
45546
13738
48421
73528
22874
52611
72418
58575
73502
26370
66833
60077
44780
44253
653
66826
5411
20146
65797
30184
23031
50030
71687
67407
64627
61178
41701
82223
90788
12010
88656
73903
56780
13042
4265
87438
95720
96153
60276
54605
65372
96162
47270
95742
64590
55767
58870
13981
54818
81294
27549
54858
24105
95124
70151
86666
56845
50873
957
37283
40365
97030
6182
47034
71763
99656
68992
19572
87974
93865
6548
26635
78410
58895
73497
57870
41319
2454
82366
23105
33424
62513
2616
71481
22209
28817
46444
10155
4381
17806
80921
3747
12014
16247
97474
42313
40401
8968
85091
28517
77812
96781
4276
69898
87698
5530
33946
48956
86441
24800
75778
16419
21712
97113
47811
42696
78302
78049
16513
23474
64116
15885
24437
18576
15713
50863
42506
18522
56737
58950
33725
11353
20678
96957
41584
99177
9514
53744
26689
19876
80654
4067
21049
14108
24977
89075
49321
21047
45026
94612
36483
21012
32357
32394
19609
50419
99630
3404
92452
7614
24329
88021
94209
30063
69049
58594
72608
74100
21780
88422
44311
13677
17497
48087
73050
12458
82255
65185
63301
90876
18372
79421
59919
52026
72186
66158
80311
82260
39851
73120
56683
66710
41253
28714
88850
55449
99971
54387
96082
63885
86044
44199
24208
47829
19920
39629
22057
99534
27711
31324
60660
81831
53480
46688
94116
92961
32178
70492
24133
88355
1473
3405
8166
34145
2014
49654
32595
31516
4687
96318
20088
1204
35641
11079
95947
19401
72587
21604
87089
62681
88920
20353
1917
91715
33579
16346
46260
30028
70623
5870
57489
88585
24256
8119
15062
55293
12914
33621
47659
80204
66507
65178
46286
46609
66246
96129
43976
26002
37772
10261
72778
12864
2198
76899
27761
42708
66070
81203
18300
9182
28009
61717
44775
89425
68184
19700
91999
14137
95210
83233
62298
6925
25140
20186
8092
54043
64844
72789
45797
44429
19602
38317
9574
36116
12967
14355
28521
62712
5841
71775
92224
57832
17274
34657
98826
7019
89287
60281
46845
78134
44299
50760
9871
9046
38783
35886
81301
5943
37812
87112
63944
22588
72397
929
98213
70124
31074
48117
34527
48126
31457
83779
98165
57816
1537
93947
30723
86154
74968
58644
93935
52712
6694
2516
7195
21726
87184
91208
54038
63688
85348
58306
91512
99167
92624
34397
26522
7904
78476
97350
83681
23288
27991
22982
11727
2186
27173
17680
12017
6048
594
96650
72966
52874
89775
69537
74086
39675
97291
33833
23581
35457
37376
91812
62676
17730
460
55765
75468
87451
5997
19260
45126
91372
83626
33201
36855
65172
602
28698
74768
83348
11338
99335
74032
51963
83678
4438
13755
71339
26915
68363
15586
9209
42966
99233
23137
742
9999
58067
23930
33439
48766
13160
84811
31790
42431
81087
83587
75525
70762
74341
79954
1262
12787
65485
83310
56752
23670
75872
40984
94629
78323
27909
96263
77857
51569
23491
41958
82891
9184
25808
64700
18772
36032
11759
35022
22338
51587
85496
51143
19656
21708
76150
80345
86177
58462
13762
31921
53518
70707
11078
30746
37627
43987
71653
68877
77878
72312
54811
40103
56057
85454
87288
7946
80498
81200
16689
80810
53370
96614
3934
37830
11708
59759
37931
72359
36565
86212
58331
2621
60993
47637
13675
51697
8410
36664
53861
48912
58499
88417
19939
32823
39835
23831
80237
87878
86192
4724
52549
75949
87623
79391
9748
92890
34762
66929
45261
636
88277
95644
25374
38139
7901
11421
62711
50340
46427
46351
69134
85305
7998
87365
3787
24219
26603
16055
75534
75109
96853
65767
90253
48449
12044
37142
30159
93944
750
57985
95201
46187
19092
12218
46321
88336
73794
40418
21222
92648
26233
70495
29545
68046
97840
4756
95781
24617
30424
16188
20399
98047
76646
134
30303
17026
72158
40107
45938
89465
58860
24558
92441
75562
20810
12232
58654
2226
79696
61798
78493
30351
86535
40363
51351
53803
28436
27151
52429
7829
3382
16464
54464
20884
99124
78890
88204
12659
60014
57143
56018
3626
78989
12966
15734
57603
73002
48488
28483
62621
42742
66845
38247
4342
53989
14266
15060
69675
45982
1255
52189
84355
16166
9824
95988
233
56313
44871
76538
24778
50433
98372
29232
68486
40032
57254
31258
34285
85027
88056
53107
98227
90475
5792
95082
13876
37124
44407
58597
93156
51267
44328
55353
12876
32107
37439
10207
12568
45833
45367
77518
98849
32071
69521
85069
79268
99764
2495
70797
64384
25586
1358
84577
4752
39508
91482
4593
39324
55136
18063
19997
6206
73119
59306
7845
78871
70423
67588
63948
38055
40706
68152
15518
16840
22737
37126
9290
84658
31758
59805
77278
9722
55646
93309
19254
47044
72178
18901
37231
81249
88828
28363
87048
33445
21226
40768
48014
27627
44983
83105
21324
15343
49956
92491
3287
48700
23845
52029
65514
76761
65490
42473
84524
67393
21489
53287
19367
4722
31304
79094
5822
29723
7160
58978
23897
5401
13584
77144
54518
73839
5604
66145
92262
88453
39627
1585
83813
56976
45683
14965
41388
39549
56879
67886
84300
66573
64503
31455
53803
42944
89886
10088
43723
32285
34861
43885
21433
28693
48629
56603
26145
57229
41045
9744
37833
23672
63085
21624
84956
75621
27942
43017
86965
39871
75155
20871
68985
54211
63942
94154
56131
5489
58058
91239
39389
36156
96837
70258
19869
14864
39386
32141
95388
23921
82969
40604
35057
92549
20943
48240
75238
34026
77348
77133
86087
25674
92078
72420
71695
99229
35723
79972
10558
53462
34513
42183
32003
82473
27366
40618
3227
67427
85553
48567
99904
70725
39224
96337
86406
82209
3638
77467
14941
70567
98375
62243
47015
82577
6443
59357
51316
65642
18765
29331
76248
12573
44260
41267
22850
58510
95932
65670
21941
54007
86666
92962
26786
58797
45526
61916
77500
57972
44967
25585
28086
1118
45522
13399
69818
6931
97791
29528
56602
89896
96132
95127
76310
19629
94295
96445
15622
43653
52217
34791
62132
44188
89147
34782
15243
31015
11746
31726
4776
45868
90209
76891
79586
78743
28333
66522
60926
35392
34407
28161
9120
19167
49963
22906
34851
68561
91543
78490
11728
88968
63148
36270
73988
2785
43505
39885
57958
27710
27880
53613
72557
43538
46685
1441
91009
69838
58680
19602
74031
28758
71937
4993
86830
14889
51685
58246
40883
37095
98502
36420
93768
58920
22697
19299
76147
12461
39447
58704
89669
87952
19653
33347
41089
57432
33432
61234
18679
78606
71376
7411
65105
57606
2491
28118
46598
72400
45630
95949
73554
10232
98672
82107
38600
309
99685
46709
75157
27034
88175
8781
25670
26187
54051
86488
23509
79487
85839
86194
1894
91207
80297
70544
52788
40306
61401
7536
12703
31265
62248
67301
52393
71874
28
19621
67968
75259
51798
50708
84217
16742
44945
66111
40238
79359
86428
70716
64375
41694
12104
69875
81038
74556
66547
65833
57379
37994
44615
56362
92372
9940
6202
87659
66725
5291
88006
6293
78512
62685
51585
29910
61699
38216
66404
73736
96402
93079
15903
85056
97311
52546
76225
54294
46978
13461
9906
3487
61596
89811
63503
66825
38817
7654
96988
23013
29550
41015
62136
75890
89173
68968
67818
14084
3960
78723
85048
95617
77854
83801
90753
32844
38012
64915
2170
3330
42417
99721
49384
25066
96160
52546
75817
83057
86642
22335
53711
57529
51544
19182
449
43090
70080
4104
58111
55240
11997
58513
23489
46144
93169
38982
32098
97937
68700
62798
86146
30621
11464
48888
83811
12875
82522
19906
61489
11423
26936
86752
83134
92191
15321
81499
65240
20488
24593
17856
8767
86137
72415
61906
96064
41584
79892
40870
58677
14361
98275
60785
48042
86970
11382
9334
83746
46844
88615
56934
56808
91837
86003
49229
95086
71158
91193
23162
70924
62786
83441
9939
54836
50662
59182
20579
78194
86836
70485
6643
35002
15348
81094
74525
56667
72215
15669
46084
74294
57543
91825
72028
88362
20025
78021
34747
9091
62516
52047
69002
48135
4637
48592
29871
46426
26113
6689
32689
